{
 "cells": [
  {
   "cell_type": "code",
   "execution_count": 1,
   "id": "da7a43aa",
   "metadata": {},
   "outputs": [],
   "source": [
    "#!/usr/bin/env python3\n",
    "\"\"\"\n",
    "Offset-free MPC (CT) migrated from `control/offset_free_CT.ipynb`.\n",
    "\n",
    "- Loads A, B, C, trained Koopman-related modules, scalers, and sim setup\n",
    "- Builds transformed representation with T_real\n",
    "- Runs target estimation + MPC closed-loop simulation\n",
    "- Saves plots under repository `figures/`\n",
    "- Prints the objective line exactly as in the notebook:\n",
    "  \"Closed-loop objective function value: <value>\"\n",
    "\n",
    "Requires `src/helper` and `src/models` to be importable.\n",
    "\"\"\"\n",
    "\n",
    "from __future__ import annotations\n",
    "\n",
    "import sys\n",
    "from pathlib import Path\n",
    "from typing import Tuple\n",
    "\n",
    "import joblib\n",
    "import numpy as np\n",
    "from numpy.linalg import inv\n",
    "import matplotlib.pyplot as plt\n",
    "\n",
    "# Optional deps used in helper/model stack\n",
    "import torch  # noqa: F401\n",
    "import cvxpy as cp  # noqa: F401\n",
    "\n",
    "# neuromancer symbols are imported in notebook; here they are required indirectly via helper/models loading\n",
    "from neuromancer.modules import blocks  # type: ignore\n",
    "from neuromancer.system import Node, System  # type: ignore\n",
    "from neuromancer.problem import Problem  # type: ignore\n",
    "from neuromancer.loss import PenaltyLoss  # type: ignore\n",
    "\n",
    "\n"
   ]
  },
  {
   "cell_type": "code",
   "execution_count": 2,
   "id": "9c18d4c8",
   "metadata": {},
   "outputs": [
    {
     "name": "stdout",
     "output_type": "stream",
     "text": [
      "Helper imported succesfully\n",
      "Models imported succesfully\n"
     ]
    }
   ],
   "source": [
    "# --------------------------- Repository paths ---------------------------------\n",
    "\n",
    "def get_repo_root() -> Path:\n",
    "    # In a notebook, __file__ is not defined; use cwd as a fallback\n",
    "    return Path.cwd().resolve().parent\n",
    "\n",
    "\n",
    "def get_figures_dir(repo_root: Path) -> Path:\n",
    "    figures = repo_root / \"figures\"\n",
    "    figures.mkdir(parents=True, exist_ok=True)\n",
    "    return figures\n",
    "\n",
    "\n",
    "# Ensure `src` is on PYTHONPATH\n",
    "REPO_ROOT = get_repo_root()\n",
    "SRC_PATH = REPO_ROOT / 'src'\n",
    "if SRC_PATH.as_posix() not in sys.path:\n",
    "    sys.path.append(SRC_PATH.as_posix())\n",
    "\n",
    "import helper  # type: ignore\n",
    "import models  # type: ignore\n",
    "\n",
    "\n",
    "# ------------------------------ IO utilities ----------------------------------\n",
    "\n",
    "def load_matrices_C_variant(data_dir: Path, matrix_C: bool) -> Tuple[np.ndarray, np.ndarray, np.ndarray]:\n",
    "    A = np.load((data_dir / f\"A_C_{matrix_C}.npy\").as_posix())\n",
    "    B = np.load((data_dir / f\"B_C_{matrix_C}.npy\").as_posix())\n",
    "    C = np.load((data_dir / f\"C_C_{matrix_C}.npy\").as_posix())\n",
    "    return A, B, C\n",
    "\n",
    "\n",
    "def load_scalers(data_dir: Path):\n",
    "    scaler = joblib.load((data_dir / 'scaler.pkl').as_posix())\n",
    "    scalerU = joblib.load((data_dir / 'scalerU.pkl').as_posix())\n",
    "    return scaler, scalerU\n",
    "\n",
    "\n",
    "\n",
    "# ------------------------------ CT helpers ------------------------------------\n",
    "\n",
    "def build_encoders_decoders(ny: int, nz: int, nu: int, matrix_C: bool):\n",
    "    layers = [40, 80, 120]\n",
    "    layers_dec = [120, 80, 40]\n",
    "\n",
    "    # output encoder f_y\n",
    "    f_y = blocks.MLP(\n",
    "        ny,\n",
    "        nz,\n",
    "        bias=True,\n",
    "        linear_map=torch.nn.Linear,\n",
    "        nonlin=torch.nn.ReLU,\n",
    "        hsizes=layers,\n",
    "    )\n",
    "    encode_Y0 = Node(f_y, ['Y0'], ['x'], name='encoder_Y0')\n",
    "    encode_Y = Node(f_y, ['Y'], ['x_latent'], name='encoder_Y')\n",
    "\n",
    "    # input encoder f_u representing B\n",
    "    f_u = torch.nn.Linear(nu, nz, bias=False)\n",
    "    encode_U = Node(f_u, ['U'], ['u_latent'], name='encoder_U')\n",
    "\n",
    "    # decoder\n",
    "    if not matrix_C:\n",
    "        f_y_inv = blocks.MLP(\n",
    "            nz, ny, bias=True, linear_map=torch.nn.Linear, nonlin=torch.nn.ELU, hsizes=layers_dec\n",
    "        )\n",
    "    elif matrix_C:\n",
    "        f_y_inv = torch.nn.Linear(nz, ny, bias=False)\n",
    "    else:\n",
    "        raise ValueError('matrix_C must be boolean')\n",
    "    decode_y = Node(f_y_inv, ['x'], ['yhat'], name='decoder_y')\n",
    "\n",
    "    # Koopman linear K\n",
    "    K = torch.nn.Linear(nz, nz, bias=False)\n",
    "    Koopman = Node(helper.PredictionWControl(K), ['x', 'u_latent'], ['x'], name='K')\n",
    "\n",
    "    dynamics_model = System([Koopman], name='Koopman', nsteps=1)\n",
    "    nodes = [encode_Y0, encode_Y, encode_U, dynamics_model, decode_y]\n",
    "    loss = PenaltyLoss([], constraints=[])\n",
    "    problem = Problem(nodes, loss)\n",
    "    return problem\n",
    "\n",
    "\n",
    "def get_x_from_y(problem, y: np.ndarray) -> np.ndarray:\n",
    "    x = problem.nodes[0]({\"Y0\": torch.from_numpy(y).float()})\n",
    "    return x[\"x\"].detach().numpy().reshape(1, -1).T\n",
    "\n",
    "\n",
    "def get_y_from_x(problem, x: np.ndarray) -> np.ndarray:\n",
    "    y = problem.nodes[4]({\"x\": torch.from_numpy(x.T).float()})\n",
    "    return y[\"yhat\"].detach().numpy().reshape(1, -1)\n",
    "\n",
    "\n",
    "\n"
   ]
  },
  {
   "cell_type": "code",
   "execution_count": 3,
   "id": "3d76e6f1",
   "metadata": {},
   "outputs": [
    {
     "name": "stdout",
     "output_type": "stream",
     "text": [
      "Close to block diagonal? True\n",
      "Backtransformation equals original A? True\n"
     ]
    }
   ],
   "source": [
    "data_dir = REPO_ROOT / 'data'\n",
    "figures_dir = get_figures_dir(REPO_ROOT)\n",
    "\n",
    "# Load matrices for matrix_C=False as in notebook\n",
    "matrix_C = False\n",
    "A, B, C = load_matrices_C_variant(data_dir, matrix_C)\n",
    "\n",
    "nz, nu = B.shape\n",
    "ny = C.shape[0]\n",
    "\n",
    "# Disturbance model dimension\n",
    "F = np.eye(ny)\n",
    "nd = F.shape[1]\n",
    "\n",
    "# Block diagonalization\n",
    "T_real, A_block = helper.ident.real_block_diagonalize(A)\n",
    "\n",
    "# Transform A to check\n",
    "A_transformed = inv(T_real) @ A @ T_real\n",
    "print(\"Close to block diagonal?\", np.allclose(A_block, A_transformed, atol=1e-6))\n",
    "\n",
    "# Backtransform A_block to verify it equals A\n",
    "A_backtransformed = T_real @ A_block @ inv(T_real)\n",
    "print(\"Backtransformation equals original A?\", np.allclose(A, A_backtransformed, atol=1e-6))\n",
    "# T_real = np.eye(nz)  # Use identity for now, as A is already block diagonal\n",
    "\n"
   ]
  },
  {
   "cell_type": "code",
   "execution_count": 4,
   "id": "884b0558",
   "metadata": {},
   "outputs": [],
   "source": [
    "\n",
    "\n",
    "# Apply transformation as in notebook (Cell 6)\n",
    "A = inv(T_real) @ A @ T_real\n",
    "B = inv(T_real) @ B\n",
    "C = C @ T_real\n",
    "\n",
    "# Koopman enc/dec + problem and load weights\n",
    "problem = build_encoders_decoders(ny, nz, nu, matrix_C)\n",
    "problem.load_state_dict(torch.load((data_dir / f'model_C_{matrix_C}.pth').as_posix()), strict=False)\n",
    "\n",
    "# Load scalers\n",
    "scaler, scalerU = load_scalers(data_dir)\n",
    "\n",
    "# Plant model: use full nonlinear CSTR series with recycle for simulation\n",
    "CSTR = models.CSTRSeriesRecycle()\n",
    "\n",
    "# Sim setup\n",
    "loaded_setup = joblib.load(\"sim_setup.pkl\")\n"
   ]
  },
  {
   "cell_type": "markdown",
   "id": "f9df4dcf",
   "metadata": {},
   "source": []
  },
  {
   "cell_type": "code",
   "execution_count": 5,
   "id": "c6da8388",
   "metadata": {},
   "outputs": [],
   "source": [
    "\n",
    "y_start = loaded_setup['y_start']\n",
    "y_start_ns = loaded_setup.get('y_start_ns')\n",
    "reference_ns = loaded_setup.get('reference_ns')\n",
    "y_setpoint = loaded_setup['reference'][:, 0]\n",
    "u_previous = loaded_setup['u_previous']\n",
    "u_previous_ns = loaded_setup.get('u_previous_ns')\n",
    "\n",
    "# Initial state estimate includes disturbance\n",
    "z_est_ = np.hstack(((inv(T_real) @ get_x_from_y(problem, y_start)).T, np.zeros((1, nd))))\n",
    "\n",
    "P0 = loaded_setup['P0']\n",
    "Q = loaded_setup['Q']\n",
    "R = loaded_setup['R']\n",
    "\n",
    "A_ = np.block([\n",
    "    [A, np.zeros((nz, nd))],\n",
    "    [np.zeros((nd, nz)), np.eye(nd)],\n",
    "])\n",
    "B_ = np.vstack([\n",
    "    B,\n",
    "    np.zeros((nd, nu)),\n",
    "])\n",
    "C_ = np.hstack([\n",
    "    C, np.eye(nd),\n",
    "])\n",
    "\n",
    "KF = helper.KF(A_, B_, C_, z_est_, P0, Q, R)\n",
    "\n"
   ]
  },
  {
   "cell_type": "code",
   "execution_count": 6,
   "id": "f640e767",
   "metadata": {},
   "outputs": [
    {
     "data": {
      "text/plain": [
       "(30, 30)"
      ]
     },
     "execution_count": 6,
     "metadata": {},
     "output_type": "execute_result"
    }
   ],
   "source": [
    "P0.shape"
   ]
  },
  {
   "cell_type": "code",
   "execution_count": 7,
   "id": "54fa9494",
   "metadata": {},
   "outputs": [
    {
     "data": {
      "text/plain": [
       "array([[ 1.11649311, -1.9866544 ,  0.03547388,  1.23351288,  0.08466896,\n",
       "         0.46477002, -0.26861033, -0.14765126, -0.75673997, -0.47548649,\n",
       "         0.38166395, -1.25142527, -0.50092888, -0.10292964, -1.57386839,\n",
       "        -1.03896677,  1.79722238,  0.16428119,  1.20993316, -0.88231629,\n",
       "         0.20777065,  0.50675642,  0.        ,  0.        ,  0.        ,\n",
       "         0.        ,  0.        ,  0.        ,  0.        ,  0.        ]])"
      ]
     },
     "execution_count": 7,
     "metadata": {},
     "output_type": "execute_result"
    }
   ],
   "source": [
    "z_est_[:, :]"
   ]
  },
  {
   "cell_type": "code",
   "execution_count": 9,
   "id": "5107ef17",
   "metadata": {},
   "outputs": [],
   "source": [
    "# Target calc\n",
    "target_estimation = helper.TargetEstimation(A, B, C)\n",
    "z_s, y_s, u_s = target_estimation.get_target(z_est_[:, nz:], y_setpoint)\n",
    "z_ref = z_s\n"
   ]
  },
  {
   "cell_type": "code",
   "execution_count": 10,
   "id": "9ee8c680",
   "metadata": {},
   "outputs": [
    {
     "name": "stdout",
     "output_type": "stream",
     "text": [
      "=== Checking encoder vs C consistency ===\n",
      "y_start (measurement):        [ 1.46898584 -1.17565755  1.82098797 -1.30864812 -1.42006772 -1.48617731\n",
      " -1.18983342 -1.38329536]\n",
      "y from C (predicted):         [ 1.6963652  -2.0079772   2.0567     -2.2348363  -0.9240523  -0.32326546\n",
      " -1.7609043  -1.8813497 ]\n",
      "Difference:                   [-0.2273794   0.8323197  -0.23571202  0.92618822 -0.49601542 -1.16291185\n",
      "  0.57107089  0.49805433]\n",
      "Max abs difference:           1.1629118453747473\n",
      "\n",
      "Initial disturbance estimate:  [0. 0. 0. 0. 0. 0. 0. 0.]\n",
      "True initial error (should match KF correction): [-0.2273794   0.8323197  -0.23571202  0.92618822 -0.49601542 -1.16291185\n",
      "  0.57107089  0.49805433]\n"
     ]
    }
   ],
   "source": [
    "# DIAGNOSTIC: Check consistency between encoder and C\n",
    "print(\"=== Checking encoder vs C consistency ===\")\n",
    "z_from_encoder = (inv(T_real) @ get_x_from_y(problem, y_start)).T.flatten()\n",
    "y_from_C = (C @ z_from_encoder).reshape(-1, 1)\n",
    "y_start_reshaped = y_start.reshape(-1, 1)\n",
    "\n",
    "print(f\"y_start (measurement):        {y_start.flatten()}\")\n",
    "print(f\"y from C (predicted):         {y_from_C.flatten()}\")\n",
    "print(f\"Difference:                   {(y_start_reshaped - y_from_C).flatten()}\")\n",
    "print(f\"Max abs difference:           {np.max(np.abs(y_start_reshaped - y_from_C))}\")\n",
    "\n",
    "print(f\"\\nInitial disturbance estimate:  {z_est_[:, nz:].flatten()}\")\n",
    "print(f\"True initial error (should match KF correction): {(y_start_reshaped - y_from_C).flatten()}\")\n"
   ]
  },
  {
   "cell_type": "code",
   "execution_count": 11,
   "id": "30257e64",
   "metadata": {},
   "outputs": [
    {
     "data": {
      "text/plain": [
       "array([-0.12080134,  0.00345992, -0.16636718,  0.0226407 , -0.0150169 ,\n",
       "       -0.15626221, -0.08193274, -0.06153515])"
      ]
     },
     "execution_count": 11,
     "metadata": {},
     "output_type": "execute_result"
    }
   ],
   "source": [
    "y_s - y_setpoint"
   ]
  },
  {
   "cell_type": "code",
   "execution_count": null,
   "id": "93d2f24d",
   "metadata": {},
   "outputs": [],
   "source": []
  },
  {
   "cell_type": "code",
   "execution_count": 12,
   "id": "2ddd6a87",
   "metadata": {},
   "outputs": [],
   "source": [
    "Qx = C.T@loaded_setup['Qy']@C + 1e-8 * np.eye(A.shape[0])\n",
    "\n",
    "# is Qx psd?\n"
   ]
  },
  {
   "cell_type": "code",
   "execution_count": 13,
   "id": "138744ee",
   "metadata": {},
   "outputs": [
    {
     "data": {
      "text/plain": [
       "array([[ 1.58572124e+00, -1.41564050e+00,  2.75817823e+00,\n",
       "        -1.65968516e-01,  2.06275451e+00,  1.97621516e-01,\n",
       "         1.99383713e-01, -2.03801716e+00,  1.22064297e-01,\n",
       "         1.84342415e+00, -1.74619908e+00, -7.62344294e-01,\n",
       "        -1.31616545e+00, -6.23284447e-01,  4.01159305e+00,\n",
       "        -1.11690897e+00,  1.73892235e+00,  3.98878512e+00,\n",
       "         1.40547696e+00,  6.25719176e-01,  5.35411419e-01,\n",
       "        -8.49001244e-01],\n",
       "       [-1.41564050e+00,  1.29359467e+01, -3.07906158e-02,\n",
       "         5.60663439e-01,  1.03994798e+01, -1.38416989e+01,\n",
       "         1.59137388e+01, -1.00924702e+01,  1.25649656e+00,\n",
       "         3.55856071e+00, -3.01537876e+00,  2.77797842e+01,\n",
       "        -3.16216232e+01, -1.20120251e+01,  2.44075692e+01,\n",
       "        -2.16002390e+01,  1.55916527e+01,  3.24880032e+01,\n",
       "        -8.04613064e+00, -2.38228501e+00, -1.47076759e+01,\n",
       "         2.70822272e+01],\n",
       "       [ 2.75817823e+00, -3.07906158e-02,  1.25044859e+01,\n",
       "        -2.56295507e+00,  8.99913934e+00,  5.67366047e-01,\n",
       "         1.59604747e+00, -3.79970847e+00,  6.25517760e+00,\n",
       "         4.28908212e+00, -7.53480020e+00,  6.74391828e+00,\n",
       "        -8.36870215e+00, -6.83064130e+00,  1.50801746e+01,\n",
       "        -1.12572164e+01,  5.64672574e+00,  1.97290748e+01,\n",
       "         5.71778163e+00,  1.21276676e+00, -7.64161319e+00,\n",
       "         1.28197959e+00],\n",
       "       [-1.65968516e-01,  5.60663439e-01, -2.56295507e+00,\n",
       "         1.67206093e+00,  1.42513310e-01, -9.11770110e-01,\n",
       "        -1.61909261e+00, -1.88254475e-01, -1.32299439e+00,\n",
       "         9.86563058e-01,  4.81018743e-02, -4.43360755e+00,\n",
       "         2.98314026e+00,  3.64981686e+00, -8.92996924e-01,\n",
       "         2.29388751e+00,  3.51491346e-01, -2.01887928e+00,\n",
       "        -7.25457656e-01,  8.14712182e-02,  3.80175499e+00,\n",
       "        -3.54408683e+00],\n",
       "       [ 2.06275451e+00,  1.03994798e+01,  8.99913934e+00,\n",
       "         1.42513310e-01,  1.88772275e+01, -1.25743704e+01,\n",
       "         1.36305754e+01, -1.44122392e+01,  4.97909286e+00,\n",
       "         9.81273956e+00, -1.04183754e+01,  2.58233928e+01,\n",
       "        -3.31180673e+01, -1.31911407e+01,  3.67622016e+01,\n",
       "        -2.78668455e+01,  2.01917207e+01,  4.72459097e+01,\n",
       "        -2.59209333e+00, -8.09292796e-01, -1.47658510e+01,\n",
       "         2.12268119e+01],\n",
       "       [ 1.97621516e-01, -1.38416989e+01,  5.67366047e-01,\n",
       "        -9.11770110e-01, -1.25743704e+01,  1.81871472e+01,\n",
       "        -2.31992965e+01,  1.92012703e+01,  4.10377825e+00,\n",
       "        -7.23727212e+00,  2.71136301e+00, -3.50531730e+01,\n",
       "         4.46592047e+01,  1.66564609e+01, -3.44673452e+01,\n",
       "         2.55756011e+01, -2.20849735e+01, -4.24951660e+01,\n",
       "         1.25964666e+01,  2.63260097e+00,  1.41705743e+01,\n",
       "        -3.95334397e+01],\n",
       "       [ 1.99383713e-01,  1.59137388e+01,  1.59604747e+00,\n",
       "        -1.61909261e+00,  1.36305754e+01, -2.31992965e+01,\n",
       "         3.85331106e+01, -3.60833785e+01, -1.43855799e+01,\n",
       "         1.19615320e+01, -4.76358339e-01,  5.34633670e+01,\n",
       "        -7.12682338e+01, -3.05706950e+01,  5.05212305e+01,\n",
       "        -3.28802397e+01,  3.14306449e+01,  5.85847333e+01,\n",
       "        -2.06325265e+01, -3.19079583e+00, -1.66028431e+01,\n",
       "         6.83389758e+01],\n",
       "       [-2.03801716e+00, -1.00924702e+01, -3.79970847e+00,\n",
       "        -1.88254475e-01, -1.44122392e+01,  1.92012703e+01,\n",
       "        -3.60833785e+01,  5.84509608e+01,  3.35957899e+01,\n",
       "        -2.73771694e+01,  1.82235602e+00, -3.49059263e+01,\n",
       "         6.98072480e+01,  2.65045564e+01, -5.93431494e+01,\n",
       "         2.04911043e+01, -3.61451398e+01, -5.84288039e+01,\n",
       "         2.37327437e+01,  5.27471088e-02, -9.97410863e+00,\n",
       "        -6.66625484e+01],\n",
       "       [ 1.22064297e-01,  1.25649656e+00,  6.25517760e+00,\n",
       "        -1.32299439e+00,  4.97909286e+00,  4.10377825e+00,\n",
       "        -1.43855799e+01,  3.35957899e+01,  3.20930379e+01,\n",
       "        -1.40925606e+01, -7.39143441e+00,  1.06720308e+00,\n",
       "         2.20041985e+01,  5.57391535e+00, -1.37566290e+01,\n",
       "        -1.14092289e+01, -1.08141453e+01, -2.10875117e+00,\n",
       "         1.59366427e+01, -1.10510166e+00, -2.53544016e+01,\n",
       "        -2.86752564e+01],\n",
       "       [ 1.84342415e+00,  3.55856071e+00,  4.28908212e+00,\n",
       "         9.86563058e-01,  9.81273956e+00, -7.23727212e+00,\n",
       "         1.19615320e+01, -2.73771694e+01, -1.40925606e+01,\n",
       "         1.57992740e+01, -4.25713307e+00,  9.10846062e+00,\n",
       "        -2.65836937e+01, -8.65805994e+00,  2.93583778e+01,\n",
       "        -8.85311406e+00,  1.70330347e+01,  2.89297706e+01,\n",
       "        -7.89901772e+00,  9.28221507e-01,  8.34090736e+00,\n",
       "         2.19331354e+01],\n",
       "       [-1.74619908e+00, -3.01537876e+00, -7.53480020e+00,\n",
       "         4.81018743e-02, -1.04183754e+01,  2.71136301e+00,\n",
       "        -4.76358339e-01,  1.82235602e+00, -7.39143441e+00,\n",
       "        -4.25713307e+00,  7.73405482e+00, -5.88215500e+00,\n",
       "         6.79095684e+00,  2.91411840e+00, -1.46731080e+01,\n",
       "         1.23549465e+01, -6.77962482e+00, -2.03531702e+01,\n",
       "        -3.86243688e+00, -3.90321579e-01,  7.11492532e+00,\n",
       "         1.21198791e+00],\n",
       "       [-7.62344294e-01,  2.77797842e+01,  6.74391828e+00,\n",
       "        -4.43360755e+00,  2.58233928e+01, -3.50531730e+01,\n",
       "         5.34633670e+01, -3.49059263e+01,  1.06720308e+00,\n",
       "         9.10846062e+00, -5.88215500e+00,  9.60848341e+01,\n",
       "        -1.04277694e+02, -4.97137901e+01,  7.23690099e+01,\n",
       "        -6.68707809e+01,  4.29434124e+01,  9.76291413e+01,\n",
       "        -2.47117838e+01, -7.15296410e+00, -5.05514107e+01,\n",
       "         9.80938581e+01],\n",
       "       [-1.31616545e+00, -3.16216232e+01, -8.36870215e+00,\n",
       "         2.98314026e+00, -3.31180673e+01,  4.46592047e+01,\n",
       "        -7.12682338e+01,  6.98072480e+01,  2.20041985e+01,\n",
       "        -2.65836937e+01,  6.79095684e+00, -1.04277694e+02,\n",
       "         1.37515151e+02,  5.93165292e+01, -1.04716930e+02,\n",
       "         7.07987311e+01, -6.32469805e+01, -1.24634764e+02,\n",
       "         3.65340334e+01,  5.80436428e+00,  3.55524607e+01,\n",
       "        -1.27447944e+02],\n",
       "       [-6.23284447e-01, -1.20120251e+01, -6.83064130e+00,\n",
       "         3.64981686e+00, -1.31911407e+01,  1.66564609e+01,\n",
       "        -3.05706950e+01,  2.65045564e+01,  5.57391535e+00,\n",
       "        -8.65805994e+00,  2.91411840e+00, -4.97137901e+01,\n",
       "         5.93165292e+01,  2.93633144e+01, -4.26112203e+01,\n",
       "         3.29893681e+01, -2.43903069e+01, -5.33374394e+01,\n",
       "         1.37208376e+01,  2.74897930e+00,  2.15292989e+01,\n",
       "        -5.65795034e+01],\n",
       "       [ 4.01159305e+00,  2.44075692e+01,  1.50801746e+01,\n",
       "        -8.92996924e-01,  3.67622016e+01, -3.44673452e+01,\n",
       "         5.05212305e+01, -5.93431494e+01, -1.37566290e+01,\n",
       "         2.93583778e+01, -1.46731080e+01,  7.23690099e+01,\n",
       "        -1.04716930e+02, -4.26112203e+01,  9.58384707e+01,\n",
       "        -5.96346781e+01,  5.55459193e+01,  1.12517166e+02,\n",
       "        -2.18234197e+01, -2.31870065e+00, -2.29700282e+01,\n",
       "         8.61460915e+01],\n",
       "       [-1.11690897e+00, -2.16002390e+01, -1.12572164e+01,\n",
       "         2.29388751e+00, -2.78668455e+01,  2.55756011e+01,\n",
       "        -3.28802397e+01,  2.04911043e+01, -1.14092289e+01,\n",
       "        -8.85311406e+00,  1.23549465e+01, -6.68707809e+01,\n",
       "         7.07987311e+01,  3.29893681e+01, -5.96346781e+01,\n",
       "         5.63941471e+01, -3.35763288e+01, -8.27840913e+01,\n",
       "         1.08141535e+01,  4.44566543e+00,  4.15353453e+01,\n",
       "        -5.78388201e+01],\n",
       "       [ 1.73892235e+00,  1.55916527e+01,  5.64672574e+00,\n",
       "         3.51491346e-01,  2.01917207e+01, -2.20849735e+01,\n",
       "         3.14306449e+01, -3.61451398e+01, -1.08141453e+01,\n",
       "         1.70330347e+01, -6.77962482e+00,  4.29434124e+01,\n",
       "        -6.32469805e+01, -2.43903069e+01,  5.55459193e+01,\n",
       "        -3.35763288e+01,  3.33847085e+01,  6.42665963e+01,\n",
       "        -1.55197884e+01, -1.73627173e+00, -1.18826867e+01,\n",
       "         5.36530609e+01],\n",
       "       [ 3.98878512e+00,  3.24880032e+01,  1.97290748e+01,\n",
       "        -2.01887928e+00,  4.72459097e+01, -4.24951660e+01,\n",
       "         5.85847333e+01, -5.84288039e+01, -2.10875117e+00,\n",
       "         2.89297706e+01, -2.03531702e+01,  9.76291413e+01,\n",
       "        -1.24634764e+02, -5.33374394e+01,  1.12517166e+02,\n",
       "        -8.27840913e+01,  6.42665963e+01,  1.40856305e+02,\n",
       "        -2.28576094e+01, -4.49905580e+00, -4.43969949e+01,\n",
       "         1.01303539e+02],\n",
       "       [ 1.40547696e+00, -8.04613064e+00,  5.71778163e+00,\n",
       "        -7.25457656e-01, -2.59209333e+00,  1.25964666e+01,\n",
       "        -2.06325265e+01,  2.37327437e+01,  1.59366427e+01,\n",
       "        -7.89901772e+00, -3.86243688e+00, -2.47117838e+01,\n",
       "         3.65340334e+01,  1.37208376e+01, -2.18234197e+01,\n",
       "         1.08141535e+01, -1.55197884e+01, -2.28576094e+01,\n",
       "         1.67279054e+01,  2.11185462e+00,  5.60440784e-01,\n",
       "        -4.03118896e+01],\n",
       "       [ 6.25719176e-01, -2.38228501e+00,  1.21276676e+00,\n",
       "         8.14712182e-02, -8.09292796e-01,  2.63260097e+00,\n",
       "        -3.19079583e+00,  5.27471088e-02, -1.10510166e+00,\n",
       "         9.28221507e-01, -3.90321579e-01, -7.15296410e+00,\n",
       "         5.80436428e+00,  2.74897930e+00, -2.31870065e+00,\n",
       "         4.44566543e+00, -1.73627173e+00, -4.49905580e+00,\n",
       "         2.11185462e+00,  9.23186519e-01,  4.67501477e+00,\n",
       "        -6.33941346e+00],\n",
       "       [ 5.35411419e-01, -1.47076759e+01, -7.64161319e+00,\n",
       "         3.80175499e+00, -1.47658510e+01,  1.41705743e+01,\n",
       "        -1.66028431e+01, -9.97410863e+00, -2.53544016e+01,\n",
       "         8.34090736e+00,  7.11492532e+00, -5.05514107e+01,\n",
       "         3.55524607e+01,  2.15292989e+01, -2.29700282e+01,\n",
       "         4.15353453e+01, -1.18826867e+01, -4.43969949e+01,\n",
       "         5.60440784e-01,  4.67501477e+00,  4.65641445e+01,\n",
       "        -2.89612203e+01],\n",
       "       [-8.49001244e-01,  2.70822272e+01,  1.28197959e+00,\n",
       "        -3.54408683e+00,  2.12268119e+01, -3.95334397e+01,\n",
       "         6.83389758e+01, -6.66625484e+01, -2.86752564e+01,\n",
       "         2.19331354e+01,  1.21198791e+00,  9.80938581e+01,\n",
       "        -1.27447944e+02, -5.65795034e+01,  8.61460915e+01,\n",
       "        -5.78388201e+01,  5.36530609e+01,  1.01303539e+02,\n",
       "        -4.03118896e+01, -6.33941346e+00, -2.89612203e+01,\n",
       "         1.28026203e+02]])"
      ]
     },
     "execution_count": 13,
     "metadata": {},
     "output_type": "execute_result"
    }
   ],
   "source": [
    "Qx"
   ]
  },
  {
   "cell_type": "code",
   "execution_count": 14,
   "id": "6f87f0cf",
   "metadata": {},
   "outputs": [
    {
     "data": {
      "text/plain": [
       "array([[ True],\n",
       "       [ True],\n",
       "       [ True],\n",
       "       [ True],\n",
       "       [ True],\n",
       "       [ True],\n",
       "       [ True],\n",
       "       [ True]])"
      ]
     },
     "execution_count": 14,
     "metadata": {},
     "output_type": "execute_result"
    }
   ],
   "source": [
    "(C @ z_est_[:, :nz].T) >= loaded_setup['y_min'].reshape(-1, 1)"
   ]
  },
  {
   "cell_type": "code",
   "execution_count": 15,
   "id": "06cfcc5f",
   "metadata": {},
   "outputs": [
    {
     "data": {
      "text/plain": [
       "array([[ True],\n",
       "       [ True],\n",
       "       [ True],\n",
       "       [ True],\n",
       "       [ True],\n",
       "       [ True],\n",
       "       [ True],\n",
       "       [ True]])"
      ]
     },
     "execution_count": 15,
     "metadata": {},
     "output_type": "execute_result"
    }
   ],
   "source": [
    "(C @ z_est_[:, :nz].T) <= loaded_setup['y_max'].reshape(-1, 1)"
   ]
  },
  {
   "cell_type": "code",
   "execution_count": 16,
   "id": "7e57f1c2",
   "metadata": {},
   "outputs": [],
   "source": [
    "\n",
    "# MPC problem\n",
    "mpc = helper.MPC(A, B, C)\n",
    "_ = mpc.get_u_optimal(z_est_[:, :nz], z_est_[:, nz:], u_previous, z_ref)\n",
    "\n",
    "# Closed-loop simulation\n",
    "sim_time = int(loaded_setup['sim_time'])\n",
    "Ts = 1"
   ]
  },
  {
   "cell_type": "code",
   "execution_count": 17,
   "id": "61cca885",
   "metadata": {},
   "outputs": [],
   "source": [
    "\n",
    "\n",
    "z_sim = np.zeros((nz + nd, sim_time + 1))\n",
    "y_sim = np.zeros((ny, sim_time + 1))\n",
    "u_sim = np.zeros((nu, sim_time))\n",
    "ys_sim = np.zeros((ny, sim_time + 1))\n",
    "zs_sim = np.zeros((nz, sim_time + 1))\n",
    "us_sim = np.zeros((nu, sim_time))\n",
    "\n",
    "# Non-scaled histories for plant and evaluation (like NMPC)\n",
    "y_sim_ns = np.zeros((ny, sim_time + 1))\n",
    "u_sim_ns = np.zeros((nu, sim_time))\n",
    "\n",
    "z_sim[:, 0] = z_est_.flatten()\n",
    "y_sim[:, 0] = y_start.flatten()\n",
    "if y_start_ns is not None:\n",
    "    y_sim_ns[:, 0] = y_start_ns.flatten()\n",
    "else:\n",
    "    y_sim_ns[:, 0] = helper.np.asarray(scaler.inverse_transform(y_sim[:, 0].reshape(1, -1))[0]) if hasattr(helper, 'np') else scaler.inverse_transform(y_sim[:, 0].reshape(1, -1))[0]\n",
    "ys_sim[:, 0] = y_s\n",
    "zs_sim[:, 0] = z_s\n",
    "u_prev = target_estimation.u_s.value\n",
    "\n",
    "if u_previous_ns is not None:\n",
    "    u_sim_ns[:, 0] = u_previous_ns.flatten()\n",
    "else:\n",
    "    u_sim_ns[:, 0] = scalerU.inverse_transform(u_sim[:, 0].reshape(1, -1))[0]\n",
    "\n",
    "for k in range(0, sim_time):\n",
    "    idx_prev = max(k - 1, 0)        \n",
    "    # Target update\n",
    "    zs_sim[:, k], ys_sim[:, k], us_sim[:, k] = target_estimation.get_target(\n",
    "        z_sim[nz:, k], loaded_setup[\"reference\"][:, k]\n",
    "    )\n",
    "\n",
    "    # MPC\n",
    "    u_opt = mpc.get_u_optimal(z_sim[:nz, k], z_sim[nz:, k], u_prev, zs_sim[:, k])\n",
    "    u_sim[:, k] = u_opt\n",
    "    u_sim_ns[:, k] = scalerU.inverse_transform(u_sim[:, k].reshape(1, -1))[0]\n",
    "\n",
    "    # Plant\n",
    "    y_sim_ns[:, k + 1] = CSTR.step(\n",
    "        y_sim_ns[:, k], u_sim_ns[:, k].reshape(1, -1), Ts\n",
    "    )\n",
    "    # Scale for estimator/controller\n",
    "    y_sim[:, k + 1] = scaler.transform(y_sim_ns[:, k + 1].reshape(1, -1))[0]\n",
    "\n",
    "    # Estimation\n",
    "    z_sim[:, k + 1] = KF.step(u_sim[:, k], y_sim[:, k + 1]).flatten()\n",
    "    \n",
    "    u_prev = u_sim[:, k]\n",
    "reference = loaded_setup['reference']\n",
    "# Compute objective in non-scaled units (like NMPC.py)\n"
   ]
  },
  {
   "cell_type": "code",
   "execution_count": null,
   "id": "a085d7b7",
   "metadata": {},
   "outputs": [
    {
     "name": "stdout",
     "output_type": "stream",
     "text": [
      "\n",
      "Disturbance statistics:\n",
      "Initial disturbance: [0. 0. 0. 0. 0. 0. 0. 0.]\n",
      "Final disturbance:   [-0.31799151  0.10858942 -0.16511175  0.21619243  0.47634183  0.47401344\n",
      "  0.38107567  0.28013831]\n",
      "Mean disturbance:    [-0.19732092  0.07224669 -0.06391898  0.20878232  0.35073476  0.34856593\n",
      "  0.26226929  0.21235357]\n",
      "Std disturbance:     [0.12166445 0.08673452 0.14229094 0.04562569 0.16735804 0.20860428\n",
      " 0.08475019 0.08889354]\n"
     ]
    },
    {
     "data": {
