{
 "cells": [
  {
   "cell_type": "code",
   "execution_count": 51,
   "id": "da7a43aa",
   "metadata": {},
   "outputs": [],
   "source": [
    "#!/usr/bin/env python3\n",
    "\"\"\"\n",
    "Offset-free MPC (CT) migrated from `control/offset_free_CT.ipynb`.\n",
    "\n",
    "- Loads A, B, C, trained Koopman-related modules, scalers, and sim setup\n",
    "- Builds transformed representation with T_real\n",
    "- Runs target estimation + MPC closed-loop simulation\n",
    "- Saves plots under repository `figures/`\n",
    "- Prints the objective line exactly as in the notebook:\n",
    "  \"Closed-loop objective function value: <value>\"\n",
    "\n",
    "Requires `src/helper` and `src/models` to be importable.\n",
    "\"\"\"\n",
    "\n",
    "from __future__ import annotations\n",
    "\n",
    "import sys\n",
    "from pathlib import Path\n",
    "from typing import Tuple\n",
    "\n",
    "import joblib\n",
    "import numpy as np\n",
    "from numpy.linalg import inv\n",
    "import matplotlib.pyplot as plt\n",
    "\n",
    "# Optional deps used in helper/model stack\n",
    "import torch  # noqa: F401\n",
    "import cvxpy as cp  # noqa: F401\n",
    "\n",
    "# neuromancer symbols are imported in notebook; here they are required indirectly via helper/models loading\n",
    "from neuromancer.modules import blocks  # type: ignore\n",
    "from neuromancer.system import Node, System  # type: ignore\n",
    "from neuromancer.problem import Problem  # type: ignore\n",
    "from neuromancer.loss import PenaltyLoss  # type: ignore\n",
    "\n",
    "\n"
   ]
  },
  {
   "cell_type": "code",
   "execution_count": 52,
   "id": "9c18d4c8",
   "metadata": {},
   "outputs": [],
   "source": [
    "# --------------------------- Repository paths ---------------------------------\n",
    "\n",
    "def get_repo_root() -> Path:\n",
    "    # In a notebook, __file__ is not defined; use cwd as a fallback\n",
    "    return Path.cwd().resolve().parent\n",
    "\n",
    "\n",
    "def get_figures_dir(repo_root: Path) -> Path:\n",
    "    figures = repo_root / \"figures\"\n",
    "    figures.mkdir(parents=True, exist_ok=True)\n",
    "    return figures\n",
    "\n",
    "\n",
    "# Ensure `src` is on PYTHONPATH\n",
    "REPO_ROOT = get_repo_root()\n",
    "SRC_PATH = REPO_ROOT / 'src'\n",
    "if SRC_PATH.as_posix() not in sys.path:\n",
    "    sys.path.append(SRC_PATH.as_posix())\n",
    "\n",
    "import helper  # type: ignore\n",
    "import models  # type: ignore\n",
    "\n",
    "\n",
    "# ------------------------------ IO utilities ----------------------------------\n",
    "\n",
    "def load_matrices_C_variant(data_dir: Path, matrix_C: bool) -> Tuple[np.ndarray, np.ndarray, np.ndarray]:\n",
    "    A = np.load((data_dir / f\"A_C_{matrix_C}.npy\").as_posix())\n",
    "    B = np.load((data_dir / f\"B_C_{matrix_C}.npy\").as_posix())\n",
    "    C = np.load((data_dir / f\"C_C_{matrix_C}.npy\").as_posix())\n",
    "    return A, B, C\n",
    "\n",
    "\n",
    "def load_scalers(data_dir: Path):\n",
    "    scaler = joblib.load((data_dir / 'scaler.pkl').as_posix())\n",
    "    scalerU = joblib.load((data_dir / 'scalerU.pkl').as_posix())\n",
    "    return scaler, scalerU\n",
    "\n",
    "\n",
    "\n",
    "# ------------------------------ CT helpers ------------------------------------\n",
    "\n",
    "def build_encoders_decoders(ny: int, nz: int, nu: int, matrix_C: bool):\n",
    "    layers = [40, 80, 120]\n",
    "    layers_dec = [120, 80, 40]\n",
    "\n",
    "    # output encoder f_y\n",
    "    f_y = blocks.MLP(\n",
    "        ny,\n",
    "        nz,\n",
    "        bias=True,\n",
    "        linear_map=torch.nn.Linear,\n",
    "        nonlin=torch.nn.ReLU,\n",
    "        hsizes=layers,\n",
    "    )\n",
    "    encode_Y0 = Node(f_y, ['Y0'], ['x'], name='encoder_Y0')\n",
    "    encode_Y = Node(f_y, ['Y'], ['x_latent'], name='encoder_Y')\n",
    "\n",
    "    # input encoder f_u representing B\n",
    "    f_u = torch.nn.Linear(nu, nz, bias=False)\n",
    "    encode_U = Node(f_u, ['U'], ['u_latent'], name='encoder_U')\n",
    "\n",
    "    # decoder\n",
    "    if not matrix_C:\n",
    "        f_y_inv = blocks.MLP(\n",
    "            nz, ny, bias=True, linear_map=torch.nn.Linear, nonlin=torch.nn.ELU, hsizes=layers_dec\n",
    "        )\n",
    "    elif matrix_C:\n",
    "        f_y_inv = torch.nn.Linear(nz, ny, bias=False)\n",
    "    else:\n",
    "        raise ValueError('matrix_C must be boolean')\n",
    "    decode_y = Node(f_y_inv, ['x'], ['yhat'], name='decoder_y')\n",
    "\n",
    "    # Koopman linear K\n",
    "    K = torch.nn.Linear(nz, nz, bias=False)\n",
    "    Koopman = Node(helper.PredictionWControl(K), ['x', 'u_latent'], ['x'], name='K')\n",
    "\n",
    "    dynamics_model = System([Koopman], name='Koopman', nsteps=1)\n",
    "    nodes = [encode_Y0, encode_Y, encode_U, dynamics_model, decode_y]\n",
    "    loss = PenaltyLoss([], constraints=[])\n",
    "    problem = Problem(nodes, loss)\n",
    "    return problem\n",
    "\n",
    "\n",
    "def get_x_from_y(problem, y: np.ndarray) -> np.ndarray:\n",
    "    x = problem.nodes[0]({\"Y0\": torch.from_numpy(y).float()})\n",
    "    return x[\"x\"].detach().numpy().reshape(1, -1).T\n",
    "\n",
    "\n",
    "def get_y_from_x(problem, x: np.ndarray) -> np.ndarray:\n",
    "    y = problem.nodes[4]({\"x\": torch.from_numpy(x.T).float()})\n",
    "    return y[\"yhat\"].detach().numpy().reshape(1, -1)\n",
    "\n",
    "\n",
    "\n"
   ]
  },
  {
   "cell_type": "code",
   "execution_count": 53,
   "id": "3d76e6f1",
   "metadata": {},
   "outputs": [
    {
     "name": "stdout",
     "output_type": "stream",
     "text": [
      "Close to block diagonal? True\n",
      "Backtransformation equals original A? True\n"
     ]
    }
   ],
   "source": [
    "data_dir = REPO_ROOT / 'data'\n",
    "figures_dir = get_figures_dir(REPO_ROOT)\n",
    "\n",
    "# Load matrices for matrix_C=False as in notebook\n",
    "matrix_C = False\n",
    "A, B, C = load_matrices_C_variant(data_dir, matrix_C)\n",
    "\n",
    "nz, nu = B.shape\n",
    "ny = C.shape[0]\n",
    "\n",
    "# Disturbance model dimension\n",
    "F = np.eye(ny)\n",
    "nd = F.shape[1]\n",
    "\n",
    "# Block diagonalization\n",
    "T_real, A_block = helper.ident.real_block_diagonalize(A)\n",
    "\n",
    "# Transform A to check\n",
    "A_transformed = inv(T_real) @ A @ T_real\n",
    "print(\"Close to block diagonal?\", np.allclose(A_block, A_transformed, atol=1e-6))\n",
    "\n",
    "# Backtransform A_block to verify it equals A\n",
    "A_backtransformed = T_real @ A_block @ inv(T_real)\n",
    "print(\"Backtransformation equals original A?\", np.allclose(A, A_backtransformed, atol=1e-6))\n",
    "# T_real = np.eye(nz)  # Use identity for now, as A is already block diagonal\n",
    "\n"
   ]
  },
  {
   "cell_type": "code",
   "execution_count": 54,
   "id": "884b0558",
   "metadata": {},
   "outputs": [],
   "source": [
    "\n",
    "\n",
    "# Apply transformation as in notebook (Cell 6)\n",
    "A = inv(T_real) @ A @ T_real\n",
    "B = inv(T_real) @ B\n",
    "C = C @ T_real\n",
    "\n",
    "# Koopman enc/dec + problem and load weights\n",
    "problem = build_encoders_decoders(ny, nz, nu, matrix_C)\n",
    "problem.load_state_dict(torch.load((data_dir / f'model_C_{matrix_C}.pth').as_posix()), strict=False)\n",
    "\n",
    "# Load scalers\n",
    "scaler, scalerU = load_scalers(data_dir)\n",
    "\n",
    "# Plant model: use full nonlinear CSTR series with recycle for simulation\n",
    "CSTR = models.CSTRSeriesRecycle()\n",
    "\n",
    "# Sim setup\n",
    "loaded_setup = joblib.load(\"sim_setup.pkl\")\n"
   ]
  },
  {
   "cell_type": "markdown",
   "id": "f9df4dcf",
   "metadata": {},
   "source": []
  },
  {
   "cell_type": "code",
   "execution_count": 55,
   "id": "c6da8388",
   "metadata": {},
   "outputs": [],
   "source": [
    "\n",
    "y_start = loaded_setup['y_start']\n",
    "y_start_ns = loaded_setup.get('y_start_ns')\n",
    "reference_ns = loaded_setup.get('reference_ns')\n",
    "y_setpoint = loaded_setup['reference'][:, 0]\n",
    "u_previous = loaded_setup['u_previous']\n",
    "u_previous_ns = loaded_setup.get('u_previous_ns')\n",
    "\n",
    "# Initial state estimate includes disturbance\n",
    "z_est_ = np.hstack(((inv(T_real) @ get_x_from_y(problem, y_start)).T, np.zeros((1, nd))))\n",
    "\n",
    "P0 = loaded_setup['P0']\n",
    "Q = loaded_setup['Q']\n",
    "R = loaded_setup['R']\n",
    "\n",
    "A_ = np.block([\n",
    "    [A, np.zeros((nz, nd))],\n",
    "    [np.zeros((nd, nz)), np.eye(nd)],\n",
    "])\n",
    "B_ = np.vstack([\n",
    "    B,\n",
    "    np.zeros((nd, nu)),\n",
    "])\n",
    "C_ = np.hstack([\n",
    "    C, np.eye(nd),\n",
    "])\n",
    "\n",
    "KF = helper.KF(A_, B_, C_, z_est_, P0, Q, R)\n",
    "\n"
   ]
  },
  {
   "cell_type": "code",
   "execution_count": 56,
   "id": "f640e767",
   "metadata": {},
   "outputs": [
    {
     "data": {
      "text/plain": [
       "(32, 32)"
      ]
     },
     "execution_count": 56,
     "metadata": {},
     "output_type": "execute_result"
    }
   ],
   "source": [
    "P0.shape"
   ]
  },
  {
   "cell_type": "code",
   "execution_count": 57,
   "id": "54fa9494",
   "metadata": {},
   "outputs": [
    {
     "data": {
      "text/plain": [
       "array([[-1.19675696, -3.55633163, -0.94400334,  0.22223574,  0.15723389,\n",
       "         0.69559574,  0.00919551, -0.37223995, -0.95117307,  2.34272242,\n",
       "         2.25587368, -0.9603287 , -0.47342688,  0.18345514, -0.1091218 ,\n",
       "         0.4156259 , -0.6033721 ,  0.24400187,  0.27053881, -1.26636064,\n",
       "        -0.07763493, -0.35456419,  0.0798831 ,  0.53025627,  0.        ,\n",
       "         0.        ,  0.        ,  0.        ,  0.        ,  0.        ,\n",
       "         0.        ,  0.        ]])"
      ]
     },
     "execution_count": 57,
     "metadata": {},
     "output_type": "execute_result"
    }
   ],
   "source": [
    "z_est_[:, :]"
   ]
  },
  {
   "cell_type": "code",
   "execution_count": 58,
   "id": "5107ef17",
   "metadata": {},
   "outputs": [],
   "source": [
    "# Target calc\n",
    "target_estimation = helper.TargetEstimation(A, B, C)\n",
    "z_s, y_s = target_estimation.get_target(z_est_[:, nz:], y_setpoint)\n",
    "z_ref = z_s\n"
   ]
  },
  {
   "cell_type": "code",
   "execution_count": 59,
   "id": "30257e64",
   "metadata": {},
   "outputs": [
    {
     "data": {
      "text/plain": [
       "array([-0.11683627,  0.01303664, -0.17100437,  0.01747692,  0.00195891,\n",
       "       -0.11005018, -0.11933348, -0.10026064])"
      ]
     },
     "execution_count": 59,
     "metadata": {},
     "output_type": "execute_result"
    }
   ],
   "source": [
    "y_s - y_setpoint"
   ]
  },
  {
   "cell_type": "code",
   "execution_count": null,
   "id": "93d2f24d",
   "metadata": {},
   "outputs": [],
   "source": []
  },
  {
   "cell_type": "code",
   "execution_count": 60,
   "id": "2ddd6a87",
   "metadata": {},
   "outputs": [],
   "source": [
    "Qx = C.T@loaded_setup['Qy']@C + 1e-8 * np.eye(A.shape[0])\n",
    "\n",
    "# is Qx psd?\n"
   ]
  },
  {
   "cell_type": "code",
   "execution_count": 61,
   "id": "138744ee",
   "metadata": {},
   "outputs": [
    {
     "data": {
      "text/plain": [
       "array([[ 1.19998133e+00,  1.87145430e+00, -2.60276906e+00,\n",
       "        -4.36526337e-01,  1.07361744e+00, -8.27876798e-01,\n",
       "        -1.91894218e+00, -6.66790180e-01,  1.98786897e+00,\n",
       "        -1.26434929e-01,  1.74961363e+00, -1.37240425e+00,\n",
       "        -7.22166481e-01, -1.83218972e+00, -3.25023092e-01,\n",
       "         5.07969487e+00, -5.97556297e-01,  5.93580036e-01,\n",
       "         2.07978619e+00,  4.41575027e+00,  1.04788590e+00,\n",
       "         4.19682128e+00,  2.00474693e+00,  2.28330775e+00],\n",
       "       [ 1.87145430e+00,  1.04110027e+01, -9.47995021e+00,\n",
       "        -1.35922537e+01, -4.36140969e+00,  6.82649050e+00,\n",
       "         9.94869720e+00,  3.83925296e-02,  3.77421189e+00,\n",
       "        -6.87852817e-01,  7.36376629e+00,  5.45588333e-01,\n",
       "         4.11244711e-01, -1.66077901e+01, -1.27081566e+01,\n",
       "        -1.01487371e+01, -5.55910436e+00,  8.12863576e+00,\n",
       "        -2.16019325e+01, -7.04003435e+00, -1.59315686e+01,\n",
       "        -2.84993556e+00, -3.32035487e+00, -4.81001113e+00],\n",
       "       [-2.60276906e+00, -9.47995021e+00,  1.01745954e+01,\n",
       "         1.02962253e+01,  1.82597140e+00, -3.56991150e+00,\n",
       "        -4.90152547e+00,  1.01977473e+00, -7.73748982e+00,\n",
       "         3.60986712e-01, -8.94431502e+00,  7.49761688e-01,\n",
       "         1.79632053e+00,  1.40210274e+01,  8.67990997e+00,\n",
       "         1.18819472e+00,  1.14386023e+00, -4.83034989e+00,\n",
       "         1.30365563e+01,  1.65891974e-01,  1.04828627e+01,\n",
       "        -2.27227404e+00,  1.17184479e+00, -7.49518684e-01],\n",
       "       [-4.36526337e-01, -1.35922537e+01,  1.02962253e+01,\n",
       "         3.86830926e+01,  1.45143807e+01, -1.89599670e+01,\n",
       "        -2.78921825e+01,  9.35554279e-01, -5.31482819e+00,\n",
       "         1.70887454e+00, -1.20333342e+01, -8.14147072e-01,\n",
       "         8.07552431e+00,  4.81136202e+01,  1.83307670e+01,\n",
       "         3.19713544e+01,  6.26124536e+00, -1.97014206e+01,\n",
       "         5.61745921e+01,  3.25616035e+01,  4.40790211e+01,\n",
       "         8.72114782e+00,  1.41299147e+00,  2.04087778e+01],\n",
       "       [ 1.07361744e+00, -4.36140969e+00,  1.82597140e+00,\n",
       "         1.45143807e+01,  8.39646381e+00, -9.84218360e+00,\n",
       "        -1.65257933e+01, -2.77844066e+00,  5.03035700e+00,\n",
       "         1.38616342e+00, -4.81958799e-01, -3.04124062e+00,\n",
       "        -3.02311274e+00,  1.33317666e+01,  1.26378678e+01,\n",
       "         2.46902786e+01,  8.29833186e+00, -9.34320541e+00,\n",
       "         2.83009480e+01,  2.08979921e+01,  1.84689185e+01,\n",
       "         1.43330838e+01,  8.91481847e+00,  1.22851210e+01],\n",
       "       [-8.27876798e-01,  6.82649050e+00, -3.56991150e+00,\n",
       "        -1.89599670e+01, -9.84218360e+00,  1.24655101e+01,\n",
       "         1.97207395e+01,  2.64800220e+00, -5.87589926e+00,\n",
       "        -1.57866700e+00,  1.51730789e+00,  2.93099361e+00,\n",
       "         3.68679198e+00, -1.93228827e+01, -1.67448031e+01,\n",
       "        -2.83407800e+01, -1.21331077e+01,  1.32301954e+01,\n",
       "        -3.52575975e+01, -2.33781396e+01, -2.40481233e+01,\n",
       "        -1.45470468e+01, -8.12832397e+00, -1.57963078e+01],\n",
       "       [-1.91894218e+00,  9.94869720e+00, -4.90152547e+00,\n",
       "        -2.78921825e+01, -1.65257933e+01,  1.97207395e+01,\n",
       "         3.35687706e+01,  6.42875762e+00, -1.05695679e+01,\n",
       "        -2.56131713e+00,  1.46538222e+00,  6.82540745e+00,\n",
       "         9.64065186e+00, -2.41174977e+01, -2.97643079e+01,\n",
       "        -5.01625609e+01, -1.97612624e+01,  1.95548704e+01,\n",
       "        -5.69771948e+01, -3.96765078e+01, -3.58880258e+01,\n",
       "        -3.03360806e+01, -2.13163779e+01, -2.32790850e+01],\n",
       "       [-6.66790180e-01,  3.83925296e-02,  1.01977473e+00,\n",
       "         9.35554279e-01, -2.77844066e+00,  2.64800220e+00,\n",
       "         6.42875762e+00,  4.55807168e+00, -9.53366754e+00,\n",
       "        -1.02017372e+00, -4.86486922e+00,  2.64579197e+00,\n",
       "         1.05509340e+01,  7.46472106e+00, -1.08281744e+01,\n",
       "        -1.24442059e+01, -1.21640647e+01,  4.28554017e+00,\n",
       "        -6.61092817e+00, -5.86409159e+00,  6.91897170e-01,\n",
       "        -1.20060910e+01, -1.18946870e+01, -3.16717017e+00],\n",
       "       [ 1.98786897e+00,  3.77421189e+00, -7.73748982e+00,\n",
       "        -5.31482819e+00,  5.03035700e+00, -5.87589926e+00,\n",
       "        -1.05695679e+01, -9.53366754e+00,  3.39157941e+01,\n",
       "         3.43828745e+00,  2.03133834e+01, -2.92224341e+00,\n",
       "        -2.51571939e+01, -1.75292930e+01,  1.92117751e+01,\n",
       "         2.51284710e+01,  3.71551932e+01, -1.36956330e+01,\n",
       "         8.25504675e+00,  1.20928847e+01, -4.19566366e+00,\n",
       "         2.09896072e+01,  1.42726834e+01,  1.60416604e+01],\n",
       "       [-1.26434929e-01, -6.87852817e-01,  3.60986712e-01,\n",
       "         1.70887454e+00,  1.38616342e+00, -1.57866700e+00,\n",
       "        -2.56131713e+00, -1.02017372e+00,  3.43828745e+00,\n",
       "         8.21381516e-01,  1.61260703e+00, -4.06616655e-02,\n",
       "        -1.87515200e+00,  9.10780970e-01,  2.55868156e+00,\n",
       "         4.13134872e+00,  4.18854807e+00, -2.40863212e+00,\n",
       "         3.77343974e+00,  3.34588714e+00,  1.82321990e+00,\n",
       "         2.60464462e+00,  1.41265920e+00,  2.77562757e+00],\n",
       "       [ 1.74961363e+00,  7.36376629e+00, -8.94431502e+00,\n",
       "        -1.20333342e+01, -4.81958799e-01,  1.51730789e+00,\n",
       "         1.46538222e+00, -4.86486922e+00,  2.03133834e+01,\n",
       "         1.61260703e+00,  1.54044021e+01, -9.92037917e-01,\n",
       "        -1.28295363e+01, -2.02368843e+01,  1.51447849e+00,\n",
       "         6.00169708e+00,  1.59973273e+01, -1.60851089e+00,\n",
       "        -9.98604695e+00,  1.23670481e+00, -1.26380882e+01,\n",
       "         8.66964727e+00,  4.61265116e+00,  5.38993573e+00],\n",
       "       [-1.37240425e+00,  5.45588333e-01,  7.49761688e-01,\n",
       "        -8.14147072e-01, -3.04124062e+00,  2.93099361e+00,\n",
       "         6.82540745e+00,  2.64579197e+00, -2.92224341e+00,\n",
       "        -4.06616655e-02, -9.92037917e-01,  3.81247805e+00,\n",
       "         4.93808937e+00,  3.64287663e+00, -6.46679370e+00,\n",
       "        -1.35994128e+01, -2.03804972e+00,  4.51504170e-01,\n",
       "        -9.44213683e+00, -8.97168897e+00, -3.97305307e+00,\n",
       "        -1.20312350e+01, -1.01183055e+01, -3.16232165e+00],\n",
       "       [-7.22166481e-01,  4.11244711e-01,  1.79632053e+00,\n",
       "         8.07552431e+00, -3.02311274e+00,  3.68679198e+00,\n",
       "         9.64065186e+00,  1.05509340e+01, -2.51571939e+01,\n",
       "        -1.87515200e+00, -1.28295363e+01,  4.93808937e+00,\n",
       "         3.00060685e+01,  2.32378766e+01, -2.84183378e+01,\n",
       "        -2.08303553e+01, -3.56959387e+01,  1.14658098e+01,\n",
       "        -6.31173379e+00, -2.25130208e+00,  8.53522489e+00,\n",
       "        -2.25243131e+01, -2.52651176e+01, -4.77549064e+00],\n",
       "       [-1.83218972e+00, -1.66077901e+01,  1.40210274e+01,\n",
       "         4.81136202e+01,  1.33317666e+01, -1.93228827e+01,\n",
       "        -2.41174977e+01,  7.46472106e+00, -1.75292930e+01,\n",
       "         9.10780970e-01, -2.02368843e+01,  3.64287663e+00,\n",
       "         2.32378766e+01,  6.92108618e+01,  8.17673790e+00,\n",
       "         1.97540275e+01, -5.50561887e+00, -1.98789894e+01,\n",
       "         5.77805097e+01,  2.93294145e+01,  5.36051859e+01,\n",
       "        -8.19404482e+00, -1.67226539e+01,  2.11327118e+01],\n",
       "       [-3.25023092e-01, -1.27081566e+01,  8.67990997e+00,\n",
       "         1.83307670e+01,  1.26378678e+01, -1.67448031e+01,\n",
       "        -2.97643079e+01, -1.08281744e+01,  1.92117751e+01,\n",
       "         2.55868156e+00,  1.51447849e+00, -6.46679370e+00,\n",
       "        -2.84183378e+01,  8.17673790e+00,  4.80174620e+01,\n",
       "         4.27439565e+01,  4.27631675e+01, -2.60301893e+01,\n",
       "         4.64962162e+01,  2.07723759e+01,  2.11068333e+01,\n",
       "         3.00444465e+01,  3.19223073e+01,  1.51040831e+01],\n",
       "       [ 5.07969487e+00, -1.01487371e+01,  1.18819472e+00,\n",
       "         3.19713544e+01,  2.46902786e+01, -2.83407800e+01,\n",
       "        -5.01625609e+01, -1.24442059e+01,  2.51284710e+01,\n",
       "         4.13134872e+00,  6.00169708e+00, -1.35994128e+01,\n",
       "        -2.08303553e+01,  1.97540275e+01,  4.27439565e+01,\n",
       "         8.36088963e+01,  3.10818521e+01, -2.48765927e+01,\n",
       "         8.04686440e+01,  6.44084814e+01,  4.74676382e+01,\n",
       "         5.62319551e+01,  3.79166507e+01,  3.81075913e+01],\n",
       "       [-5.97556297e-01, -5.55910436e+00,  1.14386023e+00,\n",
       "         6.26124536e+00,  8.29833186e+00, -1.21331077e+01,\n",
       "        -1.97612624e+01, -1.21640647e+01,  3.71551932e+01,\n",
       "         4.18854807e+00,  1.59973273e+01, -2.03804972e+00,\n",
       "        -3.56959387e+01, -5.50561887e+00,  4.27631675e+01,\n",
       "         3.10818521e+01,  5.93180004e+01, -2.91754571e+01,\n",
       "         2.55221735e+01,  9.72710455e+00,  4.37978308e+00,\n",
       "         2.18411293e+01,  2.19335320e+01,  1.78411805e+01],\n",
       "       [ 5.93580036e-01,  8.12863576e+00, -4.83034989e+00,\n",
       "        -1.97014206e+01, -9.34320541e+00,  1.32301954e+01,\n",
       "         1.95548704e+01,  4.28554017e+00, -1.36956330e+01,\n",
       "        -2.40863212e+00, -1.60851089e+00,  4.51504170e-01,\n",
       "         1.14658098e+01, -1.98789894e+01, -2.60301893e+01,\n",
       "        -2.48765927e+01, -2.91754571e+01,  2.19606755e+01,\n",
       "        -3.41156670e+01, -1.63439175e+01, -2.07469958e+01,\n",
       "        -1.05441656e+01, -7.71441117e+00, -1.65579230e+01],\n",
       "       [ 2.07978619e+00, -2.16019325e+01,  1.30365563e+01,\n",
       "         5.61745921e+01,  2.83009480e+01, -3.52575975e+01,\n",
       "        -5.69771948e+01, -6.61092817e+00,  8.25504675e+00,\n",
       "         3.77343974e+00, -9.98604695e+00, -9.44213683e+00,\n",
       "        -6.31173379e+00,  5.77805097e+01,  4.64962162e+01,\n",
       "         8.04686440e+01,  2.55221735e+01, -3.41156670e+01,\n",
       "         1.03236303e+02,  6.75134631e+01,  7.11985239e+01,\n",
       "         4.21626306e+01,  2.58429760e+01,  4.09652978e+01],\n",
       "       [ 4.41575027e+00, -7.04003435e+00,  1.65891974e-01,\n",
       "         3.25616035e+01,  2.08979921e+01, -2.33781396e+01,\n",
       "        -3.96765078e+01, -5.86409159e+00,  1.20928847e+01,\n",
       "         3.34588714e+00,  1.23670481e+00, -8.97168897e+00,\n",
       "        -2.25130208e+00,  2.93294145e+01,  2.07723759e+01,\n",
       "         6.44084814e+01,  9.72710455e+00, -1.63439175e+01,\n",
       "         6.75134631e+01,  5.85603517e+01,  4.60663684e+01,\n",
       "         3.87162155e+01,  1.91974128e+01,  3.33208855e+01],\n",
       "       [ 1.04788590e+00, -1.59315686e+01,  1.04828627e+01,\n",
       "         4.40790211e+01,  1.84689185e+01, -2.40481233e+01,\n",
       "        -3.58880258e+01,  6.91897170e-01, -4.19566366e+00,\n",
       "         1.82321990e+00, -1.26380882e+01, -3.97305307e+00,\n",
       "         8.53522489e+00,  5.36051859e+01,  2.11068333e+01,\n",
       "         4.74676382e+01,  4.37978308e+00, -2.07469958e+01,\n",
       "         7.11985239e+01,  4.60663684e+01,  5.61482026e+01,\n",
       "         1.79192896e+01,  3.88210318e+00,  2.92639478e+01],\n",
       "       [ 4.19682128e+00, -2.84993556e+00, -2.27227404e+00,\n",
       "         8.72114782e+00,  1.43330838e+01, -1.45470468e+01,\n",
       "        -3.03360806e+01, -1.20060910e+01,  2.09896072e+01,\n",
       "         2.60464462e+00,  8.66964727e+00, -1.20312350e+01,\n",
       "        -2.25243131e+01, -8.19404482e+00,  3.00444465e+01,\n",
       "         5.62319551e+01,  2.18411293e+01, -1.05441656e+01,\n",
       "         4.21626306e+01,  3.87162155e+01,  1.79192896e+01,\n",
       "         4.62972720e+01,  3.73796193e+01,  1.85806844e+01],\n",
       "       [ 2.00474693e+00, -3.32035487e+00,  1.17184479e+00,\n",
       "         1.41299147e+00,  8.91481847e+00, -8.12832397e+00,\n",
       "        -2.13163779e+01, -1.18946870e+01,  1.42726834e+01,\n",
       "         1.41265920e+00,  4.61265116e+00, -1.01183055e+01,\n",
       "        -2.52651176e+01, -1.67226539e+01,  3.19223073e+01,\n",
       "         3.79166507e+01,  2.19335320e+01, -7.71441117e+00,\n",
       "         2.58429760e+01,  1.91974128e+01,  3.88210318e+00,\n",
       "         3.73796193e+01,  4.00837327e+01,  3.60783740e+00],\n",
       "       [ 2.28330775e+00, -4.81001113e+00, -7.49518684e-01,\n",
       "         2.04087778e+01,  1.22851210e+01, -1.57963078e+01,\n",
       "        -2.32790850e+01, -3.16717017e+00,  1.60416604e+01,\n",
       "         2.77562757e+00,  5.38993573e+00, -3.16232165e+00,\n",
       "        -4.77549064e+00,  2.11327118e+01,  1.51040831e+01,\n",
       "         3.81075913e+01,  1.78411805e+01, -1.65579230e+01,\n",
       "         4.09652978e+01,  3.33208855e+01,  2.92639478e+01,\n",
       "         1.85806844e+01,  3.60783740e+00,  2.72842251e+01]])"
      ]
     },
     "execution_count": 61,
     "metadata": {},
     "output_type": "execute_result"
    }
   ],
   "source": [
    "Qx"
   ]
  },
  {
   "cell_type": "code",
   "execution_count": 62,
   "id": "6f87f0cf",
   "metadata": {},
   "outputs": [
    {
     "data": {
      "text/plain": [
       "array([[ True],\n",
       "       [ True],\n",
       "       [ True],\n",
       "       [ True],\n",
       "       [ True],\n",
       "       [ True],\n",
       "       [ True],\n",
       "       [ True]])"
      ]
     },
     "execution_count": 62,
     "metadata": {},
     "output_type": "execute_result"
    }
   ],
   "source": [
    "(C @ z_est_[:, :nz].T) >= loaded_setup['y_min'].reshape(-1, 1)"
   ]
  },
  {
   "cell_type": "code",
   "execution_count": 63,
   "id": "06cfcc5f",
   "metadata": {},
   "outputs": [
    {
     "data": {
      "text/plain": [
       "array([[ True],\n",
       "       [ True],\n",
       "       [ True],\n",
       "       [ True],\n",
       "       [ True],\n",
       "       [ True],\n",
       "       [ True],\n",
       "       [ True]])"
      ]
     },
     "execution_count": 63,
     "metadata": {},
     "output_type": "execute_result"
    }
   ],
   "source": [
    "(C @ z_est_[:, :nz].T) <= loaded_setup['y_max'].reshape(-1, 1)"
   ]
  },
  {
   "cell_type": "code",
   "execution_count": 64,
   "id": "7e57f1c2",
   "metadata": {},
   "outputs": [],
   "source": [
    "\n",
    "# MPC problem\n",
    "mpc = helper.MPC(A, B, C)\n",
    "_ = mpc.get_u_optimal(z_est_[:, :nz], z_est_[:, nz:], u_previous, z_ref)\n",
    "\n",
    "# Closed-loop simulation\n",
    "sim_time = int(loaded_setup['sim_time'])\n",
    "Ts = 1"
   ]
  },
  {
   "cell_type": "code",
   "execution_count": 65,
   "id": "61cca885",
   "metadata": {},
   "outputs": [],
   "source": [
    "\n",
    "\n",
    "z_sim = np.zeros((nz + nd, sim_time + 1))\n",
    "y_sim = np.zeros((ny, sim_time + 1))\n",
    "u_sim = np.zeros((nu, sim_time))\n",
    "ys_sim = np.zeros((ny, sim_time + 1))\n",
    "zs_sim = np.zeros((nz, sim_time + 1))\n",
    "\n",
    "# Non-scaled histories for plant and evaluation (like NMPC)\n",
    "y_sim_ns = np.zeros((ny, sim_time + 1))\n",
    "u_sim_ns = np.zeros((nu, sim_time))\n",
    "\n",
    "z_sim[:, 0] = z_est_.flatten()\n",
    "y_sim[:, 0] = y_start.flatten()\n",
    "if y_start_ns is not None:\n",
    "    y_sim_ns[:, 0] = y_start_ns.flatten()\n",
    "else:\n",
    "    y_sim_ns[:, 0] = helper.np.asarray(scaler.inverse_transform(y_sim[:, 0].reshape(1, -1))[0]) if hasattr(helper, 'np') else scaler.inverse_transform(y_sim[:, 0].reshape(1, -1))[0]\n",
    "ys_sim[:, 0] = y_s\n",
    "zs_sim[:, 0] = z_s\n",
    "u_prev = target_estimation.u_s.value\n",
    "\n",
    "if u_previous_ns is not None:\n",
    "    u_sim_ns[:, 0] = u_previous_ns.flatten()\n",
    "else:\n",
    "    u_sim_ns[:, 0] = scalerU.inverse_transform(u_sim[:, 0].reshape(1, -1))[0]\n",
    "\n",
    "for k in range(0, sim_time):\n",
    "    idx_prev = max(k - 1, 0)        \n",
    "    # Target update\n",
    "    zs_sim[:, k], ys_sim[:, k] = target_estimation.get_target(\n",
    "        z_sim[nz:, k], loaded_setup[\"reference\"][:, k]\n",
    "    )\n",
    "\n",
    "    # MPC\n",
    "    u_opt = mpc.get_u_optimal(z_sim[:nz, k], z_sim[nz:, k], u_prev, zs_sim[:, k])\n",
    "    u_sim[:, k] = u_opt\n",
    "    u_sim_ns[:, k] = scalerU.inverse_transform(u_sim[:, k].reshape(1, -1))[0]\n",
    "\n",
    "    # Plant\n",
    "    y_sim_ns[:, k + 1] = CSTR.step(\n",
    "        y_sim_ns[:, k], u_sim_ns[:, k].reshape(1, -1), Ts\n",
    "    )\n",
    "    # Scale for estimator/controller\n",
    "    y_sim[:, k + 1] = scaler.transform(y_sim_ns[:, k + 1].reshape(1, -1))[0]\n",
    "\n",
    "    # Estimation\n",
    "    z_sim[:, k + 1] = KF.step(u_sim[:, k], y_sim[:, k + 1]).flatten()\n",
    "    \n",
    "    u_prev = u_sim[:, k]\n",
    "reference = loaded_setup['reference']\n",
    "# Compute objective in non-scaled units (like NMPC.py)\n"
   ]
  },
  {
   "cell_type": "code",
   "execution_count": 66,
   "id": "fe76c56d",
   "metadata": {},
   "outputs": [
    {
     "name": "stdout",
     "output_type": "stream",
     "text": [
      "Closed-loop objective function value: 1.6086279797371537\n",
      "  - State tracking term: 1.31628652181693\n",
      "  - Input increment term: 0.29234145792022564\n"
     ]
    },
    {
     "data": {
