{
 "cells": [
  {
   "cell_type": "code",
   "execution_count": 26,
   "id": "da7a43aa",
   "metadata": {},
   "outputs": [],
   "source": [
    "#!/usr/bin/env python3\n",
    "\"\"\"\n",
    "Offset-free MPC (CT) migrated from `control/offset_free_CT.ipynb`.\n",
    "\n",
    "- Loads A, B, C, trained Koopman-related modules, scalers, and sim setup\n",
    "- Builds transformed representation with T_real\n",
    "- Runs target estimation + MPC closed-loop simulation\n",
    "- Saves plots under repository `figures/`\n",
    "- Prints the objective line exactly as in the notebook:\n",
    "  \"Closed-loop objective function value: <value>\"\n",
    "\n",
    "Requires `src/helper` and `src/models` to be importable.\n",
    "\"\"\"\n",
    "\n",
    "from __future__ import annotations\n",
    "\n",
    "import sys\n",
    "from pathlib import Path\n",
    "from typing import Tuple\n",
    "\n",
    "import joblib\n",
    "import numpy as np\n",
    "from numpy.linalg import inv\n",
    "import matplotlib.pyplot as plt\n",
    "\n",
    "# Optional deps used in helper/model stack\n",
    "import torch  # noqa: F401\n",
    "import cvxpy as cp  # noqa: F401\n",
    "\n",
    "# neuromancer symbols are imported in notebook; here they are required indirectly via helper/models loading\n",
    "from neuromancer.modules import blocks  # type: ignore\n",
    "from neuromancer.system import Node, System  # type: ignore\n",
    "from neuromancer.problem import Problem  # type: ignore\n",
    "from neuromancer.loss import PenaltyLoss  # type: ignore\n",
    "\n",
    "\n"
   ]
  },
  {
   "cell_type": "code",
   "execution_count": 27,
   "id": "9c18d4c8",
   "metadata": {},
   "outputs": [],
   "source": [
    "# --------------------------- Repository paths ---------------------------------\n",
    "\n",
    "def get_repo_root() -> Path:\n",
    "    # In a notebook, __file__ is not defined; use cwd as a fallback\n",
    "    return Path.cwd().resolve().parent\n",
    "\n",
    "\n",
    "def get_figures_dir(repo_root: Path) -> Path:\n",
    "    figures = repo_root / \"figures\"\n",
    "    figures.mkdir(parents=True, exist_ok=True)\n",
    "    return figures\n",
    "\n",
    "\n",
    "# Ensure `src` is on PYTHONPATH\n",
    "REPO_ROOT = get_repo_root()\n",
    "SRC_PATH = REPO_ROOT / 'src'\n",
    "if SRC_PATH.as_posix() not in sys.path:\n",
    "    sys.path.append(SRC_PATH.as_posix())\n",
    "\n",
    "import helper  # type: ignore\n",
    "import models  # type: ignore\n",
    "\n",
    "\n",
    "# ------------------------------ IO utilities ----------------------------------\n",
    "\n",
    "def load_matrices_C_variant(data_dir: Path, matrix_C: bool) -> Tuple[np.ndarray, np.ndarray, np.ndarray]:\n",
    "    A = np.load((data_dir / f\"A_C_{matrix_C}.npy\").as_posix())\n",
    "    B = np.load((data_dir / f\"B_C_{matrix_C}.npy\").as_posix())\n",
    "    C_const = np.load((data_dir / f\"C_const_C_{matrix_C}.npy\").as_posix())\n",
    "    return A, B, C_const\n",
    "\n",
    "\n",
    "def load_scalers(data_dir: Path):\n",
    "    scaler = joblib.load((data_dir / 'scaler.pkl').as_posix())\n",
    "    scalerU = joblib.load((data_dir / 'scalerU.pkl').as_posix())\n",
    "    return scaler, scalerU\n",
    "\n",
    "\n",
    "\n",
    "# ------------------------------ CT helpers ------------------------------------\n",
    "\n",
    "def build_encoders_decoders(ny: int, nz: int, nu: int, matrix_C: bool):\n",
    "    layers = [40, 80, 120]\n",
    "    layers_dec = [120, 80, 40]\n",
    "\n",
    "    # output encoder f_y\n",
    "    f_y = blocks.MLP(\n",
    "        ny,\n",
    "        nz,\n",
    "        bias=True,\n",
    "        linear_map=torch.nn.Linear,\n",
    "        nonlin=torch.nn.ReLU,\n",
    "        hsizes=layers,\n",
    "    )\n",
    "    encode_Y0 = Node(f_y, ['Y0'], ['x'], name='encoder_Y0')\n",
    "    encode_Y = Node(f_y, ['Y'], ['x_latent'], name='encoder_Y')\n",
    "\n",
    "    # input encoder f_u representing B\n",
    "    f_u = torch.nn.Linear(nu, nz, bias=False)\n",
    "    encode_U = Node(f_u, ['U'], ['u_latent'], name='encoder_U')\n",
    "\n",
    "    # decoder\n",
    "    if not matrix_C:\n",
    "        f_y_inv = blocks.MLP(\n",
    "            nz, ny, bias=True, linear_map=torch.nn.Linear, nonlin=torch.nn.ELU, hsizes=layers_dec\n",
    "        )\n",
    "    elif matrix_C:\n",
    "        f_y_inv = torch.nn.Linear(nz, ny, bias=False)\n",
    "    else:\n",
    "        raise ValueError('matrix_C must be boolean')\n",
    "    decode_y = Node(f_y_inv, ['x'], ['yhat'], name='decoder_y')\n",
    "\n",
    "    # Koopman linear K\n",
    "    K = torch.nn.Linear(nz, nz, bias=False)\n",
    "    Koopman = Node(helper.PredictionWControl(K), ['x', 'u_latent'], ['x'], name='K')\n",
    "\n",
    "    dynamics_model = System([Koopman], name='Koopman', nsteps=1)\n",
    "    nodes = [encode_Y0, encode_Y, encode_U, dynamics_model, decode_y]\n",
    "    loss = PenaltyLoss([], constraints=[])\n",
    "    problem = Problem(nodes, loss)\n",
    "    return problem\n",
    "\n",
    "\n",
    "def get_x_from_y(problem, y: np.ndarray) -> np.ndarray:\n",
    "    x = problem.nodes[0]({\"Y0\": torch.from_numpy(y).float()})\n",
    "    return x[\"x\"].detach().numpy().reshape(1, -1).T\n",
    "\n",
    "\n",
    "def get_y_from_x(problem, x: np.ndarray) -> np.ndarray:\n",
    "    y = problem.nodes[4]({\"x\": torch.from_numpy(x.T).float()})\n",
    "    return y[\"yhat\"].detach().numpy().reshape(1, -1)\n",
    "\n",
    "\n",
    "\n"
   ]
  },
  {
   "cell_type": "code",
   "execution_count": 28,
   "id": "3d76e6f1",
   "metadata": {},
   "outputs": [
    {
     "name": "stdout",
     "output_type": "stream",
     "text": [
      "Close to block diagonal? True\n",
      "Backtransformation equals original A? True\n"
     ]
    }
   ],
   "source": [
    "data_dir = REPO_ROOT / 'data'\n",
    "figures_dir = get_figures_dir(REPO_ROOT)\n",
    "\n",
    "# Load matrices for matrix_C=False as in notebook\n",
    "matrix_C = False\n",
    "A, B, C_const = load_matrices_C_variant(data_dir, matrix_C)\n",
    "\n",
    "# Extract C_matrix and C_constant from C_const\n",
    "# C_const has shape (ny, nz+1) where the last column is the constant term\n",
    "C_matrix = C_const[:, :-1]  # shape: (ny, nz)\n",
    "C_constant = C_const[:, -1]  # shape: (ny,)\n",
    "\n",
    "nz, nu = B.shape\n",
    "ny = C_const.shape[0]\n",
    "\n",
    "# Disturbance model dimension\n",
    "F = np.eye(ny)\n",
    "nd = F.shape[1]\n",
    "\n",
    "# Block diagonalization\n",
    "T_real, A_block = helper.ident.real_block_diagonalize(A)\n",
    "\n",
    "# Transform A to check\n",
    "A_transformed = inv(T_real) @ A @ T_real\n",
    "print(\"Close to block diagonal?\", np.allclose(A_block, A_transformed, atol=1e-6))\n",
    "\n",
    "# Backtransform A_block to verify it equals A\n",
    "A_backtransformed = T_real @ A_block @ inv(T_real)\n",
    "print(\"Backtransformation equals original A?\", np.allclose(A, A_backtransformed, atol=1e-6))\n",
    "# T_real = np.eye(nz)  # Use identity for now, as A is already block diagonal\n",
    "\n"
   ]
  },
  {
   "cell_type": "code",
   "execution_count": null,
   "id": "01b50b33",
   "metadata": {},
   "outputs": [],
   "source": []
  },
  {
   "cell_type": "code",
   "execution_count": 29,
   "id": "884b0558",
   "metadata": {},
   "outputs": [],
   "source": [
    "\n",
    "\n",
    "# Apply transformation as in notebook (Cell 6)\n",
    "A = inv(T_real) @ A @ T_real\n",
    "B = inv(T_real) @ B\n",
    "#C = C @ T_real\n",
    "# Transform C_matrix (constant term doesn't need transformation)\n",
    "C_matrix = C_matrix @ T_real\n",
    "# Note: C_constant does not need transformation as it's independent of z\n",
    "\n",
    "# Koopman enc/dec + problem and load weights\n",
    "problem = build_encoders_decoders(ny, nz, nu, matrix_C)\n",
    "problem.load_state_dict(torch.load((data_dir / f'model_C_{matrix_C}.pth').as_posix()), strict=False)\n",
    "\n",
    "# Load scalers\n",
    "scaler, scalerU = load_scalers(data_dir)\n",
    "\n",
    "# Plant model: use full nonlinear CSTR series with recycle for simulation\n",
    "CSTR = models.CSTRSeriesRecycle()\n",
    "\n",
    "# Sim setup\n",
    "loaded_setup = joblib.load(\"sim_setup.pkl\")\n"
   ]
  },
  {
   "cell_type": "code",
   "execution_count": 30,
   "id": "1621ee40",
   "metadata": {},
   "outputs": [],
   "source": [
    "# ------------------------------ CT_const helpers ------------------------------\n",
    "\n",
    "class KF_const(helper.KF):\n",
    "    \"\"\"\n",
    "    Kalman Filter modified to handle C_matrix and C_constant.\n",
    "    Measurement equation: y = C_matrix @ z + C_constant + d\n",
    "    where d is the disturbance part of x.\n",
    "    \"\"\"\n",
    "    def __init__(self, A, B, C_matrix, C_constant, x0, P0, Q, R):\n",
    "        # Create augmented C_ that includes both C_matrix and constant\n",
    "        # For the augmented state [z; d], we have: y = C_matrix @ z + C_constant + d\n",
    "        # This can be written as: y = [C_matrix, I] @ [z; d] + C_constant\n",
    "        ny = C_matrix.shape[0]\n",
    "        nz = C_matrix.shape[1]\n",
    "        nd = x0.shape[0] - nz\n",
    "        \n",
    "        C_aug = np.hstack([C_matrix, np.eye(ny)])\n",
    "        super().__init__(A, B, C_aug, x0, P0, Q, R)\n",
    "        self.C_constant = C_constant.reshape(-1, 1)\n",
    "    \n",
    "    def update(self, y):\n",
    "        # Modified update to account for constant term\n",
    "        y_pred = self.C @ self.x.reshape(-1, 1) + self.C_constant\n",
    "        S = self.C @ self.P @ self.C.T + self.R\n",
    "        K = self.P @ self.C.T @ np.linalg.inv(S)\n",
    "        self.x = self.x + K @ (y.reshape(-1, 1) - y_pred)\n",
    "        self.P = (np.eye(self.P.shape[0]) - K @ self.C) @ self.P\n",
    "\n",
    "\n",
    "class TargetEstimation_const:\n",
    "    \"\"\"\n",
    "    Target Estimation modified to handle C_matrix and C_constant.\n",
    "    Output equation: y_s = C_matrix @ z_s + C_constant + d0\n",
    "    \"\"\"\n",
    "    def __init__(self, A, B, C_matrix, C_constant):\n",
    "        self.A = A\n",
    "        self.B = B\n",
    "        self.C_matrix = C_matrix\n",
    "        self.C_constant = C_constant\n",
    "        self.nz = A.shape[0]\n",
    "        self.ny = C_matrix.shape[0]\n",
    "        self.nu = B.shape[1]\n",
    "        loaded_setup = joblib.load(\"sim_setup.pkl\")\n",
    "        self.Qy = loaded_setup[\"Qy\"]\n",
    "        self.u_min = loaded_setup[\"u_min\"]\n",
    "        self.u_max = loaded_setup[\"u_max\"]\n",
    "        self.y_min = loaded_setup[\"y_min\"]\n",
    "        self.y_max = loaded_setup[\"y_max\"]\n",
    "        \n",
    "        self.build_problem()\n",
    "\n",
    "    def build_problem(self):\n",
    "        self.z_s = cp.Variable(self.nz)\n",
    "        self.y_s = cp.Variable(self.ny)\n",
    "        self.u_s = cp.Variable(self.nu)\n",
    "        self.d0 = cp.Parameter(self.ny)\n",
    "        self.y_sp = cp.Parameter(self.ny)\n",
    "        \n",
    "        constraints_s = [self.z_s == self.A @ self.z_s + self.B @ self.u_s]\n",
    "        # Modified to include constant term: y_s = C_matrix @ z_s + C_constant + d0\n",
    "        constraints_s += [self.y_s == self.C_matrix @ self.z_s + self.C_constant + self.d0]\n",
    "        constraints_s += [self.u_min <= self.u_s, self.u_s <= self.u_max]\n",
    "        constraints_s += [self.y_min <= self.y_s, self.y_s <= self.y_max]\n",
    "\n",
    "        cost_s = 0\n",
    "        cost_s += cp.quad_form(self.y_s - self.y_sp, self.Qy)\n",
    "\n",
    "        self.te = cp.Problem(cp.Minimize(cost_s), constraints_s)\n",
    "        \n",
    "    def get_target(self, d0, y_sp):\n",
    "        self.d0.value = d0.flatten()\n",
    "        self.y_sp.value = y_sp.flatten()\n",
    "        \n",
    "        # solve the problem\n",
    "        self.te.solve(solver=cp.GUROBI, TimeLimit=60, BarIterLimit=1e6)\n",
    "        \n",
    "        if self.te.status != cp.OPTIMAL:\n",
    "            print(\"Target estimation problem is not optimal\")\n",
    "            print(self.te.status)\n",
    "            print(self.te.solver_stats.solve_time)\n",
    "            print(self.te.solver_stats.num_iters)\n",
    "            raise RuntimeError(\"Solver did not return an optimal solution\")\n",
    "            \n",
    "        return self.z_s.value, self.y_s.value\n",
    "\n",
    "\n",
    "class MPC_const:\n",
    "    \"\"\"\n",
    "    MPC modified to handle C_matrix and C_constant.\n",
    "    Output equation: y = C_matrix @ z + C_constant + d0\n",
    "    \"\"\"\n",
    "    def __init__(self, A, B, C_matrix, C_constant):\n",
    "        self.A = A\n",
    "        self.B = B\n",
    "        self.C_matrix = C_matrix\n",
    "        self.C_constant = C_constant\n",
    "        self.nz = A.shape[0]\n",
    "        self.ny = C_matrix.shape[0]\n",
    "        self.nu = B.shape[1]\n",
    "        loaded_setup = joblib.load(\"sim_setup.pkl\")\n",
    "        Qy = loaded_setup[\"Qy\"]\n",
    "        # Use C_matrix for Qz computation (without constant)\n",
    "        Qz = C_matrix.T @ Qy @ C_matrix + 1e-8 * np.eye(A.shape[0])\n",
    "        self.Qu = loaded_setup[\"Qu\"]\n",
    "        self.N = loaded_setup[\"N\"]\n",
    "        self.u_min = loaded_setup[\"u_min\"]\n",
    "        self.u_max = loaded_setup[\"u_max\"]\n",
    "        self.y_min = loaded_setup[\"y_min\"]\n",
    "        self.y_max = loaded_setup[\"y_max\"]\n",
    "        \n",
    "        self.build_problem(Qz)\n",
    "    \n",
    "    def build_problem(self, Qz):\n",
    "        '''\n",
    "        Build the MPC problem using cvxpy\n",
    "        '''\n",
    "        Qz_psd = cp.psd_wrap(Qz)\n",
    "        # parameters\n",
    "        self.z0 = cp.Parameter(self.nz)\n",
    "        self.d0 = cp.Parameter(self.ny)\n",
    "        self.u_prev = cp.Parameter(self.nu)\n",
    "        self.z_ref = cp.Parameter(self.nz)\n",
    "\n",
    "        # optimized variables\n",
    "        z = cp.Variable((self.nz, self.N + 1))\n",
    "        self.u = cp.Variable((self.nu, self.N)) \n",
    "        \n",
    "        # building the problem\n",
    "        constraints = [z[:, 0] == self.z0]\n",
    "        cost = 0\n",
    "\n",
    "        for k in range(self.N):\n",
    "            # Modified to include constant term: y = C_matrix @ z + C_constant + d0\n",
    "            y_k = self.C_matrix @ z[:, k] + self.C_constant + self.d0\n",
    "            constraints += [\n",
    "                z[:, k+1] == self.A @ z[:, k] + self.B @ self.u[:,k],\n",
    "                self.u_min <= self.u[:, k], self.u[:, k] <= self.u_max,\n",
    "                self.y_min <= y_k, y_k <= self.y_max\n",
    "            ]\n",
    "            if k == 0:\n",
    "                cost += cp.quad_form(self.u[:, 0] - self.u_prev, self.Qu)\n",
    "            else:\n",
    "                cost += cp.quad_form(z[:, k] - self.z_ref, Qz_psd) + cp.quad_form(self.u[:, k] - self.u[:, k-1], self.Qu)\n",
    "                \n",
    "        self.mpc = cp.Problem(cp.Minimize(cost), constraints)\n",
    "        \n",
    "    def get_u_optimal(self, z0, d0, u_prev, z_ref):\n",
    "        '''\n",
    "        Get the optimal control input solving the MPC problem\n",
    "        '''\n",
    "        self.z0.value = z0.flatten()\n",
    "        self.d0.value = d0.flatten()\n",
    "        self.u_prev.value = u_prev.flatten()\n",
    "        self.z_ref.value = z_ref.flatten()\n",
    "        # solve the problem\n",
    "        self.mpc.solve(solver=cp.GUROBI, TimeLimit=60, BarIterLimit=1e6)\n",
    "        \n",
    "        if self.mpc.status != cp.OPTIMAL:\n",
    "            print(\"MPC problem is not optimal\")\n",
    "            print(self.mpc.status)\n",
    "            print(self.mpc.solver_stats.solve_time)\n",
    "            print(self.mpc.solver_stats.num_iters)\n",
    "            raise RuntimeError(\"Solver did not return an optimal solution\")\n",
    "             \n",
    "        return self.u[:, 0].value\n"
   ]
  },
  {
   "cell_type": "markdown",
   "id": "f9df4dcf",
   "metadata": {},
   "source": []
  },
  {
   "cell_type": "code",
   "execution_count": 31,
   "id": "c6da8388",
   "metadata": {},
   "outputs": [
    {
     "name": "stdout",
     "output_type": "stream",
     "text": [
      "Original C_constant: [ 0.01439219  0.01037187  0.01489645  0.01190157  0.06324303  0.1379989\n",
      " -0.08210924 -0.08044574]\n",
      "Norm of C_constant: 0.192185\n",
      "Using C_constant: [ 0.01439219  0.01037187  0.01489645  0.01190157  0.06324303  0.1379989\n",
      " -0.08210924 -0.08044574]\n"
     ]
    }
   ],
   "source": [
    "\n",
    "y_start = loaded_setup['y_start']\n",
    "y_start_ns = loaded_setup.get('y_start_ns')\n",
    "reference_ns = loaded_setup.get('reference_ns')\n",
    "y_setpoint = loaded_setup['reference'][:, 0]\n",
    "u_previous = loaded_setup['u_previous']\n",
    "u_previous_ns = loaded_setup.get('u_previous_ns')\n",
    "\n",
    "# ========================================================================\n",
    "# FIX: Zero out C_constant to avoid interference with disturbance estimator\n",
    "# ========================================================================\n",
    "print(f\"Original C_constant: {C_constant}\")\n",
    "print(f\"Norm of C_constant: {np.linalg.norm(C_constant):.6f}\")\n",
    "\n",
    "# OPTION 1: Zero it out (let d capture all biases)\n",
    "# C_constant_fixed = np.zeros_like(C_constant)\n",
    "\n",
    "# OPTION 2: Keep it (double-counting with d - causes worse control)\n",
    "C_constant_fixed = C_constant.copy()\n",
    "\n",
    "print(f\"Using C_constant: {C_constant_fixed}\")\n",
    "C_constant = C_constant_fixed\n",
    "# ========================================================================\n",
    "\n",
    "# Initial state estimate includes disturbance (standard initialization)\n",
    "z_est_ = np.hstack(((inv(T_real) @ get_x_from_y(problem, y_start)).T, np.zeros((1, nd))))\n",
    "\n",
    "P0 = loaded_setup['P0']\n",
    "Q = loaded_setup['Q']\n",
    "R = loaded_setup['R']\n",
    "\n",
    "A_ = np.block([\n",
    "    [A, np.zeros((nz, nd))],\n",
    "    [np.zeros((nd, nz)), np.eye(nd)],\n",
    "])\n",
    "B_ = np.vstack([\n",
    "    B,\n",
    "    np.zeros((nd, nu)),\n",
    "])\n",
    "# Use KF_const which handles C_matrix and C_constant\n",
    "KF = KF_const(A_, B_, C_matrix, C_constant, z_est_, P0, Q, R)\n",
    "\n"
   ]
  },
  {
   "cell_type": "code",
   "execution_count": 32,
   "id": "f640e767",
   "metadata": {},
   "outputs": [
    {
     "data": {
      "text/plain": [
       "(30, 30)"
      ]
     },
     "execution_count": 32,
     "metadata": {},
     "output_type": "execute_result"
    }
   ],
   "source": [
    "P0.shape"
   ]
  },
  {
   "cell_type": "code",
   "execution_count": 33,
   "id": "a3c63325",
   "metadata": {},
   "outputs": [],
   "source": [
    "# # DIAGNOSTIC: Check consistency between encoder/decoder and C_const\n",
    "# print(\"=== FUNDAMENTAL INCONSISTENCY ANALYSIS ===\\n\")\n",
    "# z_from_encoder = (inv(T_real) @ get_x_from_y(problem, y_start)).T.flatten()\n",
    "\n",
    "# # What does the NN decoder predict?\n",
    "# y_from_NN_decoder = get_y_from_x(T_real @ z_from_encoder.reshape(-1, 1)).flatten()\n",
    "\n",
    "# # What does C_const predict?\n",
    "# y_from_C_const = (C_matrix @ z_from_encoder + C_constant)\n",
    "\n",
    "# print(f\"y_start (actual measurement):     {y_start.flatten()}\")\n",
    "# print(f\"y from NN decoder (encoder→z→decoder): {y_from_NN_decoder}\")\n",
    "# print(f\"y from C_const (z→C_matrix@z+const):   {y_from_C_const}\")\n",
    "\n",
    "# print(f\"\\nError NN decoder:  {np.max(np.abs(y_start.flatten() - y_from_NN_decoder)):.6f}\")\n",
    "# print(f\"Error C_const:     {np.max(np.abs(y_start.flatten() - y_from_C_const)):.6f}\")\n",
    "\n",
    "# print(f\"\\n*** CRITICAL: C_constant value = {C_constant}\")\n",
    "# print(f\"*** This constant was fitted on TRAINING data, may not generalize to control scenario\")\n",
    "\n",
    "# # The mismatch between NN and C_const is what causes issues\n",
    "# print(f\"\\nMismatch (NN vs C_const): {np.max(np.abs(y_from_NN_decoder - y_from_C_const)):.6f}\")\n"
   ]
  },
  {
   "cell_type": "code",
   "execution_count": 34,
   "id": "54fa9494",
   "metadata": {},
   "outputs": [
    {
     "data": {
      "text/plain": [
       "array([[ 1.11649311, -1.9866544 ,  0.03547388,  1.23351288,  0.08466896,\n",
       "         0.46477002, -0.26861033, -0.14765126, -0.75673997, -0.47548649,\n",
       "         0.38166395, -1.25142527, -0.50092888, -0.10292964, -1.57386839,\n",
       "        -1.03896677,  1.79722238,  0.16428119,  1.20993316, -0.88231629,\n",
       "         0.20777065,  0.50675642,  0.        ,  0.        ,  0.        ,\n",
       "         0.        ,  0.        ,  0.        ,  0.        ,  0.        ]])"
      ]
     },
     "execution_count": 34,
     "metadata": {},
     "output_type": "execute_result"
    }
   ],
   "source": [
    "z_est_[:, :]"
   ]
  },
  {
   "cell_type": "code",
   "execution_count": 35,
   "id": "07102451",
   "metadata": {},
   "outputs": [
    {
     "name": "stdout",
     "output_type": "stream",
     "text": [
      "\n",
      "=== COMPARING C vs C_matrix ===\n",
      "C_constant magnitude: 0.192185\n",
      "C_constant min/max: [-0.082109, 0.137999]\n",
      "\n",
      "Frobenius norm ||C_original - C_matrix||: 0.555784\n",
      "This shows how different C_matrix (from C_const) is from C (original)\n"
     ]
    }
   ],
   "source": [
    "# TEST: What if we just use C_matrix without the constant?\n",
    "# This would be equivalent to CT.ipynb but with a differently fitted C\n",
    "print(\"\\n=== COMPARING C vs C_matrix ===\")\n",
    "print(f\"C_constant magnitude: {np.linalg.norm(C_constant):.6f}\")\n",
    "print(f\"C_constant min/max: [{np.min(C_constant):.6f}, {np.max(C_constant):.6f}]\")\n",
    "\n",
    "# Load the original C for comparison\n",
    "try:\n",
    "    C_original = np.load((data_dir / f'C_C_{matrix_C}.npy').as_posix())\n",
    "    C_original_transformed = C_original @ T_real\n",
    "    print(f\"\\nFrobenius norm ||C_original - C_matrix||: {np.linalg.norm(C_original_transformed - C_matrix):.6f}\")\n",
    "    print(f\"This shows how different C_matrix (from C_const) is from C (original)\")\n",
    "except:\n",
    "    print(\"Could not load original C for comparison\")\n"
   ]
  },
  {
   "cell_type": "code",
   "execution_count": 36,
   "id": "d07991aa",
   "metadata": {},
   "outputs": [
    {
     "name": "stdout",
     "output_type": "stream",
     "text": [
      "\n",
      "=== TESTING: Setting C_constant = 0 ===\n",
      "Hypothesis: C_constant interferes with disturbance estimator d\n",
      "Solution: Let d capture all biases (as in standard offset-free MPC)\n",
      "\n",
      "Original C_constant: [ 0.01439219  0.01037187  0.01489645  0.01190157  0.06324303  0.1379989\n",
      " -0.08210924 -0.08044574]\n",
      "Test C_constant: [0. 0. 0. 0. 0. 0. 0. 0.]\n",
      "\n",
      "To test this, set: C_constant = C_constant_test before building KF/TE/MPC\n"
     ]
    }
   ],
   "source": [
    "# HYPOTHESIS: C_constant interferes with offset-free MPC disturbance estimation\n",
    "# In offset-free MPC, d should capture ALL biases. Adding C_constant causes double-counting.\n",
    "# TEST: Set C_constant to zero and let d handle all biases\n",
    "print(\"\\n=== TESTING: Setting C_constant = 0 ===\")\n",
    "print(\"Hypothesis: C_constant interferes with disturbance estimator d\")\n",
    "print(\"Solution: Let d capture all biases (as in standard offset-free MPC)\")\n",
    "\n",
    "# Option to test: zero out C_constant\n",
    "C_constant_test = np.zeros_like(C_constant)\n",
    "print(f\"\\nOriginal C_constant: {C_constant}\")\n",
    "print(f\"Test C_constant: {C_constant_test}\")\n",
    "print(\"\\nTo test this, set: C_constant = C_constant_test before building KF/TE/MPC\")\n"
   ]
  },
  {
   "cell_type": "code",
   "execution_count": 37,
   "id": "5107ef17",
   "metadata": {},
   "outputs": [],
   "source": [
    "# Target calc using TargetEstimation_const\n",
    "target_estimation = TargetEstimation_const(A, B, C_matrix, C_constant)\n",
    "z_s, y_s = target_estimation.get_target(z_est_[:, nz:], y_setpoint)\n",
    "z_ref = z_s\n"
   ]
  },
  {
   "cell_type": "code",
   "execution_count": 38,
   "id": "30257e64",
   "metadata": {},
   "outputs": [
    {
     "data": {
      "text/plain": [
       "array([-0.11593699,  0.00961428, -0.12684121,  0.05189869,  0.02896272,\n",
       "       -0.09586355, -0.12153903, -0.12157794])"
      ]
     },
     "execution_count": 38,
     "metadata": {},
     "output_type": "execute_result"
    }
   ],
   "source": [
    "y_s - y_setpoint"
   ]
  },
  {
   "cell_type": "code",
   "execution_count": null,
   "id": "93d2f24d",
   "metadata": {},
   "outputs": [],
   "source": []
  },
  {
   "cell_type": "code",
   "execution_count": 39,
   "id": "2ddd6a87",
   "metadata": {},
   "outputs": [],
   "source": [
    "# Use C_matrix for Qx computation (without constant)\n",
    "Qx = C_matrix.T@loaded_setup['Qy']@C_matrix + 1e-8 * np.eye(A.shape[0])\n",
    "\n",
    "# is Qx psd?\n"
   ]
  },
  {
   "cell_type": "code",
   "execution_count": 40,
   "id": "138744ee",
   "metadata": {},
   "outputs": [
    {
     "data": {
      "text/plain": [
       "array([[ 1.73397883e+00, -1.18837102e+00,  2.68436863e+00,\n",
       "        -3.71108100e-02,  2.41406892e+00, -2.68438338e-01,\n",
       "         6.40480736e-01, -3.16503920e+00, -5.28004813e-01,\n",
       "         2.51860149e+00, -1.84732463e+00, -2.01624949e-01,\n",
       "        -2.40817479e+00, -8.59573049e-01,  5.02387659e+00,\n",
       "        -1.55345405e+00,  2.43081653e+00,  5.12102852e+00,\n",
       "         7.79513621e-01,  5.91851975e-01,  8.70584746e-01,\n",
       "         2.60738661e-01],\n",
       "       [-1.18837102e+00,  1.32123397e+01, -3.49679336e-01,\n",
       "         8.55067415e-01,  1.07491043e+01, -1.43948514e+01,\n",
       "         1.60610401e+01, -1.13594176e+01,  3.92458138e-01,\n",
       "         4.46438066e+00, -3.12429077e+00,  2.80274708e+01,\n",
       "        -3.23708027e+01, -1.18652090e+01,  2.52075825e+01,\n",
       "        -2.18799659e+01,  1.62698393e+01,  3.34397692e+01,\n",
       "        -8.93438936e+00, -2.43815177e+00, -1.39538368e+01,\n",
       "         2.79979360e+01],\n",
       "       [ 2.68436863e+00, -3.49679336e-01,  1.19532144e+01,\n",
       "        -2.35024103e+00,  8.28431822e+00,  1.26034852e+00,\n",
       "        -1.35063442e-01, -1.92191390e+00,  6.95743970e+00,\n",
       "         3.58372980e+00, -7.35268712e+00,  4.71608748e+00,\n",
       "        -5.18196724e+00, -5.25820369e+00,  1.24277211e+01,\n",
       "        -9.92679239e+00,  4.20924928e+00,  1.69250477e+01,\n",
       "         6.23320117e+00,  1.21833671e+00, -7.12246290e+00,\n",
       "        -1.51531180e+00],\n",
       "       [-3.71108100e-02,  8.55067415e-01, -2.35024103e+00,\n",
       "         1.65369639e+00,  7.02076995e-01, -1.53388558e+00,\n",
       "        -5.24022102e-01, -1.78777522e+00, -2.06627828e+00,\n",
       "         1.74723815e+00, -1.01833151e-01, -3.12290015e+00,\n",
       "         7.89534447e-01,  2.75945765e+00,  9.98438882e-01,\n",
       "         1.39037140e+00,  1.46749540e+00,  2.00659474e-02,\n",
       "        -1.36546465e+00,  5.73517808e-02,  3.77006471e+00,\n",
       "        -1.52259439e+00],\n",
       "       [ 2.41406892e+00,  1.07491043e+01,  8.28431822e+00,\n",
       "         7.02076995e-01,  1.92139521e+01, -1.32555082e+01,\n",
       "         1.32879373e+01, -1.58738630e+01,  3.78632160e+00,\n",
       "         1.10736459e+01, -1.05370125e+01,  2.55464402e+01,\n",
       "        -3.32788416e+01, -1.24152505e+01,  3.71881818e+01,\n",
       "        -2.78792454e+01,  2.08276400e+01,  4.78718088e+01,\n",
       "        -3.88827811e+00, -8.99912588e-01, -1.33417055e+01,\n",
       "         2.17952902e+01],\n",
       "       [-2.68438338e-01, -1.43948514e+01,  1.26034852e+00,\n",
       "        -1.53388558e+00, -1.32555082e+01,  1.92909027e+01,\n",
       "        -2.34010338e+01,  2.17119953e+01,  5.85052874e+00,\n",
       "        -9.07032769e+00,  2.92596321e+00, -3.54450280e+01,\n",
       "         4.60201008e+01,  1.62588129e+01, -3.59653200e+01,\n",
       "         2.60753535e+01, -2.34031791e+01, -4.42982432e+01,\n",
       "         1.44044962e+01,  2.74791667e+00,  1.25791406e+01,\n",
       "        -4.12622753e+01],\n",
       "       [ 6.40480736e-01,  1.60610401e+01, -1.35063442e-01,\n",
       "        -5.24022102e-01,  1.32879373e+01, -2.34010338e+01,\n",
       "         3.59601027e+01, -3.60519127e+01, -1.53464274e+01,\n",
       "         1.30212663e+01, -4.38513662e-01,  5.06366056e+01,\n",
       "        -6.77231258e+01, -2.75340987e+01,  4.80102577e+01,\n",
       "        -3.13178360e+01,  3.06795633e+01,  5.61945643e+01,\n",
       "        -2.19710851e+01, -3.32058056e+00, -1.38421969e+01,\n",
       "         6.58703703e+01],\n",
       "       [-3.16503920e+00, -1.13594176e+01, -1.92191390e+00,\n",
       "        -1.78777522e+00, -1.58738630e+01,  2.17119953e+01,\n",
       "        -3.60519127e+01,  6.40700053e+01,  3.76896909e+01,\n",
       "        -3.16829977e+01,  2.29602904e+00, -3.52527192e+01,\n",
       "         7.21900764e+01,  2.50431445e+01, -6.22273931e+01,\n",
       "         2.13171763e+01, -3.89572915e+01, -6.20192848e+01,\n",
       "         2.80349047e+01,  3.35481995e-01, -1.40581987e+01,\n",
       "        -7.00719760e+01],\n",
       "       [-5.28004813e-01,  3.92458138e-01,  6.95743970e+00,\n",
       "        -2.06627828e+00,  3.78632160e+00,  5.85052874e+00,\n",
       "        -1.53464274e+01,  3.76896909e+01,  3.46996434e+01,\n",
       "        -1.68153095e+01, -7.03287344e+00, -2.65437806e-01,\n",
       "         2.50905245e+01,  5.67323537e+00, -1.68118314e+01,\n",
       "        -1.02118053e+01, -1.31441420e+01, -5.63080614e+00,\n",
       "         1.85501327e+01, -9.49332324e-01, -2.72657841e+01,\n",
       "        -3.20957749e+01],\n",
       "       [ 2.51860149e+00,  4.46438066e+00,  3.58372980e+00,\n",
       "         1.74723815e+00,  1.10736459e+01, -9.07032769e+00,\n",
       "         1.30212663e+01, -3.16829977e+01, -1.68153095e+01,\n",
       "         1.86422718e+01, -4.63492885e+00,  1.05640451e+01,\n",
       "        -2.98972460e+01, -8.82067767e+00,  3.26193911e+01,\n",
       "        -1.01422776e+01,  1.94976941e+01,  3.26794199e+01,\n",
       "        -1.06217699e+01,  7.66896709e-01,  1.02980713e+01,\n",
       "         2.55775078e+01],\n",
       "       [-1.84732463e+00, -3.12429077e+00, -7.35268712e+00,\n",
       "        -1.01833151e-01, -1.05370125e+01,  2.92596321e+00,\n",
       "        -4.38513662e-01,  2.29602904e+00, -7.03287344e+00,\n",
       "        -4.63492885e+00,  7.77350323e+00, -5.87275583e+00,\n",
       "         6.94352127e+00,  2.74928417e+00, -1.48821237e+01,\n",
       "         1.24032755e+01, -7.00662606e+00, -2.06234243e+01,\n",
       "        -3.48114077e+00, -3.64690840e-01,  6.73257561e+00,\n",
       "         9.58081820e-01],\n",
       "       [-2.01624949e-01,  2.80274708e+01,  4.71608748e+00,\n",
       "        -3.12290015e+00,  2.55464402e+01, -3.54450280e+01,\n",
       "         5.06366056e+01, -3.52527192e+01, -2.65437806e-01,\n",
       "         1.05640451e+01, -5.87275583e+00,  9.30051813e+01,\n",
       "        -1.00547620e+02, -4.62810678e+01,  6.98082246e+01,\n",
       "        -6.52116506e+01,  4.23097286e+01,  9.52489030e+01,\n",
       "        -2.64732040e+01, -7.31462860e+00, -4.72436337e+01,\n",
       "         9.56152261e+01],\n",
       "       [-2.40817479e+00, -3.23708027e+01, -5.18196724e+00,\n",
       "         7.89534447e-01, -3.32788416e+01,  4.60201008e+01,\n",
       "        -6.77231258e+01,  7.21900764e+01,  2.50905245e+01,\n",
       "        -2.98972460e+01,  6.94352127e+00, -1.00547620e+02,\n",
       "         1.33678181e+02,  5.45177565e+01, -1.02515821e+02,\n",
       "         6.90109473e+01, -6.34302454e+01, -1.22904380e+02,\n",
       "         4.02286958e+01,  6.10456899e+00,  3.00000993e+01,\n",
       "        -1.25531736e+02],\n",
       "       [-8.59573049e-01, -1.18652090e+01, -5.25820369e+00,\n",
       "         2.75945765e+00, -1.24152505e+01,  1.62588129e+01,\n",
       "        -2.75340987e+01,  2.50431445e+01,  5.67323537e+00,\n",
       "        -8.82067767e+00,  2.74928417e+00, -4.62810678e+01,\n",
       "         5.45177565e+01,  2.61405992e+01, -3.89090280e+01,\n",
       "         3.09312461e+01, -2.27888168e+01, -4.95991915e+01,\n",
       "         1.42143099e+01,  2.83088951e+00,  1.92978395e+01,\n",
       "        -5.27943344e+01],\n",
       "       [ 5.02387659e+00,  2.52075825e+01,  1.24277211e+01,\n",
       "         9.98438882e-01,  3.71881818e+01, -3.59653200e+01,\n",
       "         4.80102577e+01, -6.22273931e+01, -1.68118314e+01,\n",
       "         3.26193911e+01, -1.48821237e+01,  6.98082246e+01,\n",
       "        -1.02515821e+02, -3.89090280e+01,  9.49001037e+01,\n",
       "        -5.85483579e+01,  5.62764500e+01,  1.12062264e+02,\n",
       "        -2.53528559e+01, -2.59119523e+00, -1.81749236e+01,\n",
       "         8.55212249e+01],\n",
       "       [-1.55345405e+00, -2.18799659e+01, -9.92679239e+00,\n",
       "         1.39037140e+00, -2.78792454e+01,  2.60753535e+01,\n",
       "        -3.13178360e+01,  2.13171763e+01, -1.02118053e+01,\n",
       "        -1.01422776e+01,  1.24032755e+01, -6.52116506e+01,\n",
       "         6.90109473e+01,  3.09312461e+01, -5.85483579e+01,\n",
       "         5.55725238e+01, -3.35445882e+01, -8.18771211e+01,\n",
       "         1.22715578e+01,  4.56676063e+00,  3.92498174e+01,\n",
       "        -5.68571408e+01],\n",
       "       [ 2.43081653e+00,  1.62698393e+01,  4.20924928e+00,\n",
       "         1.46749540e+00,  2.08276400e+01, -2.34031791e+01,\n",
       "         3.06795633e+01, -3.89572915e+01, -1.31441420e+01,\n",
       "         1.94976941e+01, -7.00662606e+00,  4.23097286e+01,\n",
       "        -6.34302454e+01, -2.27888168e+01,  5.62764500e+01,\n",
       "        -3.35445882e+01,  3.45819649e+01,  6.53862278e+01,\n",
       "        -1.80622816e+01, -1.91531253e+00, -9.04329002e+00,\n",
       "         5.46593761e+01],\n",
       "       [ 5.12102852e+00,  3.34397692e+01,  1.69250477e+01,\n",
       "         2.00659474e-02,  4.78718088e+01, -4.42982432e+01,\n",
       "         5.61945643e+01, -6.20192848e+01, -5.63080614e+00,\n",
       "         3.26794199e+01, -2.06234243e+01,  9.52489030e+01,\n",
       "        -1.22904380e+02, -4.95991915e+01,  1.12062264e+02,\n",
       "        -8.18771211e+01,  6.53862278e+01,  1.40967583e+02,\n",
       "        -2.68617009e+01, -4.80071746e+00, -3.92235295e+01,\n",
       "         1.01225954e+02],\n",
       "       [ 7.79513621e-01, -8.93438936e+00,  6.23320117e+00,\n",
       "        -1.36546465e+00, -3.88827811e+00,  1.44044962e+01,\n",
       "        -2.19710851e+01,  2.80349047e+01,  1.85501327e+01,\n",
       "        -1.06217699e+01, -3.48114077e+00, -2.64732040e+01,\n",
       "         4.02286958e+01,  1.42143099e+01, -2.53528559e+01,\n",
       "         1.22715578e+01, -1.80622816e+01, -2.68617009e+01,\n",
       "         1.93002059e+01,  2.25875987e+00, -1.09246766e+00,\n",
       "        -4.42194368e+01],\n",
       "       [ 5.91851975e-01, -2.43815177e+00,  1.21833671e+00,\n",
       "         5.73517808e-02, -8.99912588e-01,  2.74791667e+00,\n",
       "        -3.32058056e+00,  3.35481995e-01, -9.49332324e-01,\n",
       "         7.66896709e-01, -3.64690840e-01, -7.31462860e+00,\n",
       "         6.10456899e+00,  2.83088951e+00, -2.59119523e+00,\n",
       "         4.56676063e+00, -1.91531253e+00, -4.80071746e+00,\n",
       "         2.25875987e+00,  9.30706220e-01,  4.61162096e+00,\n",
       "        -6.63601973e+00],\n",
       "       [ 8.70584746e-01, -1.39538368e+01, -7.12246290e+00,\n",
       "         3.77006471e+00, -1.33417055e+01,  1.25791406e+01,\n",
       "        -1.38421969e+01, -1.40581987e+01, -2.72657841e+01,\n",
       "         1.02980713e+01,  6.73257561e+00, -4.72436337e+01,\n",
       "         3.00000993e+01,  1.92978395e+01, -1.81749236e+01,\n",
       "         3.92498174e+01, -9.04329002e+00, -3.92235295e+01,\n",
       "        -1.09246766e+00,  4.61162096e+00,  4.65215408e+01,\n",
       "        -2.38334112e+01],\n",
       "       [ 2.60738661e-01,  2.79979360e+01, -1.51531180e+00,\n",
       "        -1.52259439e+00,  2.17952902e+01, -4.12622753e+01,\n",
       "         6.58703703e+01, -7.00719760e+01, -3.20957749e+01,\n",
       "         2.55775078e+01,  9.58081820e-01,  9.56152261e+01,\n",
       "        -1.25531736e+02, -5.27943344e+01,  8.55212249e+01,\n",
       "        -5.68571408e+01,  5.46593761e+01,  1.01225954e+02,\n",
       "        -4.42194368e+01, -6.63601973e+00, -2.38334112e+01,\n",
       "         1.27763130e+02]])"
      ]
     },
     "execution_count": 40,
     "metadata": {},
     "output_type": "execute_result"
    }
   ],
   "source": [
    "Qx"
   ]
  },
  {
   "cell_type": "code",
   "execution_count": 41,
   "id": "6f87f0cf",
   "metadata": {},
   "outputs": [
    {
     "data": {
      "text/plain": [
       "array([[ True],\n",
       "       [ True],\n",
       "       [ True],\n",
       "       [ True],\n",
       "       [ True],\n",
       "       [ True],\n",
       "       [ True],\n",
       "       [ True]])"
      ]
     },
     "execution_count": 41,
     "metadata": {},
     "output_type": "execute_result"
    }
   ],
   "source": [
    "# Use C_matrix and C_constant\n",
    "(C_matrix @ z_est_[:, :nz].T + C_constant.reshape(-1, 1)) >= loaded_setup['y_min'].reshape(-1, 1)"
   ]
  },
  {
   "cell_type": "code",
   "execution_count": 42,
   "id": "06cfcc5f",
   "metadata": {},
   "outputs": [
    {
     "data": {
      "text/plain": [
       "array([[ True],\n",
       "       [ True],\n",
       "       [ True],\n",
       "       [ True],\n",
       "       [ True],\n",
       "       [ True],\n",
       "       [ True],\n",
       "       [ True]])"
      ]
     },
     "execution_count": 42,
     "metadata": {},
     "output_type": "execute_result"
    }
   ],
   "source": [
    "# Use C_matrix and C_constant\n",
    "(C_matrix @ z_est_[:, :nz].T + C_constant.reshape(-1, 1)) <= loaded_setup['y_max'].reshape(-1, 1)"
   ]
  },
  {
   "cell_type": "code",
   "execution_count": 43,
   "id": "7e57f1c2",
   "metadata": {},
   "outputs": [],
   "source": [
    "\n",
    "# MPC problem using MPC_const\n",
    "mpc = MPC_const(A, B, C_matrix, C_constant)\n",
    "_ = mpc.get_u_optimal(z_est_[:, :nz], z_est_[:, nz:], u_previous, z_ref)\n",
    "\n",
    "# Closed-loop simulation\n",
    "sim_time = int(loaded_setup['sim_time'])\n",
    "Ts = 1"
   ]
  },
  {
   "cell_type": "code",
   "execution_count": null,
   "id": "3303ccbb",
   "metadata": {},
   "outputs": [],
   "source": []
  },
  {
   "cell_type": "code",
   "execution_count": 44,
   "id": "61cca885",
   "metadata": {},
   "outputs": [],
   "source": [
    "\n",
    "\n",
    "z_sim = np.zeros((nz + nd, sim_time + 1))\n",
    "y_sim = np.zeros((ny, sim_time + 1))\n",
    "u_sim = np.zeros((nu, sim_time))\n",
    "ys_sim = np.zeros((ny, sim_time + 1))\n",
